0 101 102 
4 1 102 
5 0 100 
5 101 0 
6 3 102 
7 2 6 
8 3 2 
8 0 3 
9 0 1 
10 1 2 
11 102 2 
11 2 7 
12 0 102 
12 102 3 
13 4 102 
13 102 100 
13 100 4 
14 2 102 
14 102 10 
15 5 100 
16 8 2 
16 2 0 
16 0 8 
17 100 0 
17 0 9 
18 4 100 
18 100 1 
18 1 4 
19 2 1 
19 1 0 
19 0 2 
20 17 9 
20 9 100 
20 100 17 
21 15 101 
21 101 5 
22 21 5 
22 5 15 
22 15 21 
23 10 102 
23 102 1 
23 1 10 
24 7 6 
24 6 102 
24 102 7 
25 6 2 
25 2 3 
25 3 6 
26 12 3 
26 3 0 
26 0 12 
27 14 10 
27 10 2 
27 2 14 
28 9 1 
28 1 100 
28 100 9 
29 11 7 
29 7 102 
29 102 11 
30 15 100 
30 100 101 
30 101 15 
