0 101 102 
6 3 102 
8 3 2 
8 0 3 
9 0 1 
11 102 2 
12 0 102 
12 102 3 
13 102 100 
13 100 4 
14 102 10 
16 2 0 
18 100 1 
18 1 4 
19 0 2 
20 17 9 
20 9 100 
21 15 101 
21 101 5 
22 15 21 
23 10 102 
24 7 6 
24 102 7 
25 3 6 
26 3 0 
26 0 12 
27 2 14 
28 9 1 
28 1 100 
28 100 9 
29 102 11 
30 15 100 
31 5 0 
32 100 5 
32 5 31 
33 4 1 
33 1 102 
33 102 4 
34 25 6 
34 2 25 
35 100 18 
36 19 2 
36 2 1 
36 1 19 
37 2 7 
38 32 31 
38 31 100 
39 31 0 
39 0 100 
39 100 31 
40 37 7 
40 7 11 
40 11 37 
41 23 102 
41 102 1 
41 1 23 
42 101 15 
43 19 1 
43 1 0 
43 0 19 
44 100 17 
45 14 2 
45 102 14 
46 29 11 
46 11 7 
47 9 17 
48 13 4 
48 4 102 
48 102 13 
49 16 0 
49 0 8 
49 8 16 
50 42 30 
50 30 101 
51 23 1 
51 1 10 
51 10 23 
52 42 15 
52 15 30 
52 30 42 
53 35 4 
53 4 100 
54 24 6 
54 6 102 
54 102 24 
55 47 17 
55 17 0 
56 22 21 
56 5 22 
57 22 5 
57 5 15 
57 15 22 
58 20 100 
58 100 44 
59 44 17 
59 17 20 
60 46 7 
60 7 29 
60 29 46 
61 55 0 
61 0 47 
62 16 8 
62 8 2 
63 27 14 
63 14 10 
64 45 2 
65 5 101 
65 101 0 
65 0 5 
66 7 2 
66 2 6 
66 6 7 
67 56 21 
67 21 5 
67 5 56 
68 30 100 
68 100 101 
68 101 30 
69 102 45 
69 45 64 
70 62 2 
70 2 16 
70 16 62 
71 59 20 
71 20 44 
71 44 59 
72 7 102 
72 102 29 
73 34 6 
73 6 2 
73 2 34 
74 100 0 
74 0 17 
75 100 35 
75 35 53 
76 75 53 
76 53 100 
76 100 75 
77 25 2 
77 2 3 
77 3 25 
78 10 1 
78 1 2 
78 2 10 
79 58 44 
79 44 20 
79 20 58 
80 27 10 
80 10 2 
80 2 27 
81 50 101 
81 101 42 
81 42 50 
82 61 47 
82 47 55 
82 55 61 
83 63 10 
83 10 27 
84 26 12 
84 12 3 
84 3 26 
85 47 0 
85 9 47 
86 37 11 
86 11 2 
86 2 37 
87 83 27 
87 27 63 
87 63 83 
88 64 2 
88 2 102 
88 102 64 
89 38 100 
89 100 32 
89 32 38 
90 35 18 
90 18 4 
90 4 35 
91 72 29 
91 29 7 
91 7 72 
92 69 64 
92 64 102 
92 102 69 
93 15 5 
93 5 100 
93 100 15 
94 74 17 
94 17 100 
94 100 74 
95 85 0 
95 0 9 
95 9 85 
