13
0.88472 0.748507
0.566618 0.10093
0.869844 0.895338
0.76831 0.660156
0.457073 0.361037
0.350319 0.135589
0.564809 0.675499
0.17471 0.354084
0.604442 0.873264
0.2011 0.505671
4.78563 21.6061
-16.7824 -15.7509
26.3537 -15.7509

0 3
0 10 11 
0 11 12 
0 12 10 

1 3
0 10 11 
0 11 12 
0 12 10 

2 3
0 10 11 
0 11 12 
0 12 10 

3 5
0 10 11 
0 12 10 
1 0 11 
1 11 12 
1 12 0 

4 5
0 10 11 
0 12 10 
1 0 11 
1 11 12 
1 12 0 

5 5
0 10 11 
0 12 10 
1 0 11 
1 11 12 
1 12 0 

6 7
0 12 10 
1 0 11 
1 11 12 
1 12 0 
2 0 10 
2 10 11 
2 11 0 

7 7
0 12 10 
1 11 12 
1 12 0 
2 0 10 
2 10 11 
2 1 0 
2 11 1 

8 7
0 12 10 
1 11 12 
1 12 0 
2 0 10 
2 10 11 
2 1 0 
2 11 1 

9 7
0 12 10 
1 11 12 
1 12 0 
2 0 10 
2 10 11 
2 1 0 
2 11 1 

10 7
0 12 10 
1 11 12 
1 12 0 
2 0 10 
2 10 11 
2 1 0 
2 11 1 

11 7
1 11 12 
1 12 0 
2 10 11 
2 1 0 
2 11 1 
2 12 10 
2 0 12 

12 7
1 11 12 
1 12 0 
2 10 11 
2 1 0 
2 11 1 
2 12 10 
2 0 12 

13 9
1 11 12 
1 12 0 
2 10 11 
2 1 0 
2 12 10 
2 0 12 
3 2 11 
3 11 1 
3 1 2 

14 9
1 11 12 
1 12 0 
2 10 11 
2 12 10 
2 0 12 
3 2 11 
3 11 1 
3 0 2 
3 1 0 

15 9
1 11 12 
1 12 0 
2 10 11 
2 12 10 
2 0 12 
3 2 11 
3 11 1 
3 0 2 
3 1 0 

16 9
1 11 12 
1 12 0 
2 10 11 
2 12 10 
2 0 12 
3 2 11 
3 11 1 
3 0 2 
3 1 0 

17 9
1 11 12 
1 12 0 
2 10 11 
2 12 10 
2 0 12 
3 2 11 
3 11 1 
3 0 2 
3 1 0 

18 11
1 11 12 
1 12 0 
2 10 11 
2 12 10 
2 0 12 
3 2 11 
3 0 2 
3 1 0 
4 3 11 
4 11 1 
4 1 3 

19 11
1 11 12 
1 12 0 
2 10 11 
2 12 10 
2 0 12 
3 2 11 
3 0 2 
3 1 0 
4 3 11 
4 11 1 
4 1 3 

20 11
1 11 12 
1 12 0 
2 10 11 
2 12 10 
2 0 12 
3 2 11 
3 0 2 
3 1 0 
4 3 11 
4 11 1 
4 1 3 

21 11
1 11 12 
1 12 0 
2 10 11 
2 12 10 
2 0 12 
3 0 2 
3 1 0 
4 11 1 
4 1 3 
4 2 11 
4 3 2 

22 11
1 11 12 
1 12 0 
2 10 11 
2 12 10 
2 0 12 
3 0 2 
3 1 0 
4 11 1 
4 1 3 
4 2 11 
4 3 2 

23 11
1 11 12 
1 12 0 
2 12 10 
2 0 12 
3 0 2 
3 1 0 
4 11 1 
4 1 3 
4 3 2 
4 10 11 
4 2 10 

24 11
1 11 12 
1 12 0 
2 12 10 
2 0 12 
3 0 2 
3 1 0 
4 11 1 
4 1 3 
4 3 2 
4 10 11 
4 2 10 

25 13
1 11 12 
1 12 0 
2 12 10 
2 0 12 
3 0 2 
3 1 0 
4 1 3 
4 3 2 
4 10 11 
4 2 10 
5 4 11 
5 11 1 
5 1 4 

26 13
1 11 12 
1 12 0 
2 12 10 
2 0 12 
3 0 2 
3 1 0 
4 1 3 
4 3 2 
4 10 11 
4 2 10 
5 4 11 
5 11 1 
5 1 4 

27 13
1 11 12 
1 12 0 
2 12 10 
2 0 12 
3 0 2 
3 1 0 
4 1 3 
4 3 2 
4 10 11 
4 2 10 
5 4 11 
5 11 1 
5 1 4 

28 15
1 11 12 
1 12 0 
2 12 10 
2 0 12 
3 0 2 
3 1 0 
4 1 3 
4 3 2 
4 10 11 
5 4 11 
5 11 1 
5 1 4 
6 4 2 
6 2 10 
6 10 4 

29 15
1 11 12 
1 12 0 
2 12 10 
2 0 12 
3 0 2 
3 1 0 
4 1 3 
4 3 2 
5 4 11 
5 11 1 
5 1 4 
6 4 2 
6 2 10 
6 11 4 
6 10 11 

30 15
1 11 12 
1 12 0 
2 12 10 
2 0 12 
3 0 2 
3 1 0 
4 1 3 
4 3 2 
5 4 11 
5 11 1 
5 1 4 
6 4 2 
6 2 10 
6 11 4 
6 10 11 

31 15
1 11 12 
1 12 0 
2 12 10 
2 0 12 
3 0 2 
3 1 0 
4 1 3 
4 3 2 
5 11 1 
5 1 4 
6 4 2 
6 2 10 
6 10 11 
6 5 4 
6 11 5 

32 15
1 11 12 
1 12 0 
2 12 10 
2 0 12 
3 0 2 
3 1 0 
4 1 3 
4 3 2 
5 11 1 
5 1 4 
6 4 2 
6 2 10 
6 10 11 
6 5 4 
6 11 5 

33 15
1 11 12 
1 12 0 
2 12 10 
2 0 12 
3 0 2 
3 1 0 
4 1 3 
4 3 2 
5 11 1 
5 1 4 
6 4 2 
6 2 10 
6 10 11 
6 5 4 
6 11 5 

34 15
1 11 12 
1 12 0 
2 12 10 
2 0 12 
3 0 2 
3 1 0 
4 1 3 
4 3 2 
5 11 1 
5 1 4 
6 4 2 
6 2 10 
6 10 11 
6 5 4 
6 11 5 

35 15
1 11 12 
1 12 0 
2 12 10 
2 0 12 
3 0 2 
3 1 0 
4 1 3 
5 11 1 
5 1 4 
6 2 10 
6 10 11 
6 5 4 
6 11 5 
6 3 2 
6 4 3 

36 15
1 11 12 
1 12 0 
2 12 10 
2 0 12 
3 0 2 
3 1 0 
4 1 3 
5 11 1 
5 1 4 
6 2 10 
6 10 11 
6 5 4 
6 11 5 
6 3 2 
6 4 3 

37 17
1 11 12 
1 12 0 
2 12 10 
2 0 12 
3 0 2 
3 1 0 
4 1 3 
5 11 1 
5 1 4 
6 2 10 
6 5 4 
6 11 5 
6 3 2 
6 4 3 
7 6 10 
7 10 11 
7 11 6 

38 17
1 11 12 
1 12 0 
2 12 10 
2 0 12 
3 0 2 
3 1 0 
4 1 3 
5 11 1 
5 1 4 
6 2 10 
6 5 4 
6 3 2 
6 4 3 
7 6 10 
7 10 11 
7 5 6 
7 11 5 

39 17
1 11 12 
1 12 0 
2 12 10 
2 0 12 
3 0 2 
3 1 0 
4 1 3 
5 11 1 
5 1 4 
6 2 10 
6 5 4 
6 3 2 
6 4 3 
7 6 10 
7 10 11 
7 5 6 
7 11 5 

40 17
1 11 12 
1 12 0 
2 12 10 
2 0 12 
3 0 2 
3 1 0 
4 1 3 
5 11 1 
5 1 4 
6 2 10 
6 3 2 
6 4 3 
7 6 10 
7 10 11 
7 11 5 
7 4 6 
7 5 4 

41 17
1 11 12 
1 12 0 
2 12 10 
2 0 12 
3 0 2 
3 1 0 
4 1 3 
5 11 1 
5 1 4 
6 2 10 
6 3 2 
6 4 3 
7 6 10 
7 10 11 
7 11 5 
7 4 6 
7 5 4 

42 17
1 11 12 
1 12 0 
2 12 10 
2 0 12 
3 0 2 
3 1 0 
4 1 3 
5 11 1 
5 1 4 
6 2 10 
6 3 2 
6 4 3 
7 6 10 
7 10 11 
7 11 5 
7 4 6 
7 5 4 

43 17
1 11 12 
1 12 0 
2 12 10 
2 0 12 
3 0 2 
3 1 0 
4 1 3 
5 11 1 
5 1 4 
6 2 10 
6 3 2 
6 4 3 
7 6 10 
7 10 11 
7 11 5 
7 4 6 
7 5 4 

44 19
1 11 12 
1 12 0 
2 12 10 
2 0 12 
3 0 2 
3 1 0 
4 1 3 
5 11 1 
5 1 4 
6 2 10 
6 3 2 
6 4 3 
7 10 11 
7 11 5 
7 4 6 
7 5 4 
8 7 6 
8 6 10 
8 10 7 

45 19
1 11 12 
1 12 0 
2 12 10 
2 0 12 
3 0 2 
3 1 0 
4 1 3 
5 11 1 
5 1 4 
6 2 10 
6 3 2 
6 4 3 
7 10 11 
7 11 5 
7 4 6 
7 5 4 
8 7 6 
8 6 10 
8 10 7 

46 19
1 11 12 
1 12 0 
2 12 10 
2 0 12 
3 0 2 
3 1 0 
4 1 3 
5 11 1 
5 1 4 
6 3 2 
6 4 3 
7 10 11 
7 11 5 
7 4 6 
7 5 4 
8 7 6 
8 10 7 
8 2 10 
8 6 2 

47 19
1 11 12 
1 12 0 
2 12 10 
2 0 12 
3 0 2 
3 1 0 
4 1 3 
5 11 1 
5 1 4 
6 4 3 
7 10 11 
7 11 5 
7 4 6 
7 5 4 
8 7 6 
8 10 7 
8 2 10 
8 3 2 
8 6 3 

48 19
1 11 12 
1 12 0 
2 12 10 
2 0 12 
3 0 2 
3 1 0 
4 1 3 
5 11 1 
5 1 4 
6 4 3 
7 10 11 
7 11 5 
7 4 6 
7 5 4 
8 7 6 
8 10 7 
8 2 10 
8 3 2 
8 6 3 

49 19
1 11 12 
1 12 0 
2 12 10 
2 0 12 
3 0 2 
3 1 0 
4 1 3 
5 11 1 
5 1 4 
6 4 3 
7 10 11 
7 11 5 
7 4 6 
7 5 4 
8 7 6 
8 10 7 
8 2 10 
8 3 2 
8 6 3 

50 19
1 11 12 
1 12 0 
2 12 10 
2 0 12 
3 0 2 
3 1 0 
4 1 3 
5 11 1 
5 1 4 
6 4 3 
7 10 11 
7 11 5 
7 4 6 
7 5 4 
8 7 6 
8 10 7 
8 2 10 
8 3 2 
8 6 3 

51 21
1 11 12 
1 12 0 
2 12 10 
2 0 12 
3 0 2 
3 1 0 
4 1 3 
5 11 1 
5 1 4 
6 4 3 
7 11 5 
7 4 6 
7 5 4 
8 7 6 
8 10 7 
8 2 10 
8 3 2 
8 6 3 
9 7 10 
9 10 11 
9 11 7 

52 21
1 11 12 
1 12 0 
2 12 10 
2 0 12 
3 0 2 
3 1 0 
4 1 3 
5 11 1 
5 1 4 
6 4 3 
7 11 5 
7 4 6 
7 5 4 
8 7 6 
8 10 7 
8 2 10 
8 3 2 
8 6 3 
9 7 10 
9 10 11 
9 11 7 

53 21
1 11 12 
1 12 0 
2 12 10 
2 0 12 
3 0 2 
3 1 0 
4 1 3 
5 11 1 
5 1 4 
6 4 3 
7 11 5 
7 4 6 
7 5 4 
8 7 6 
8 10 7 
8 2 10 
8 3 2 
8 6 3 
9 7 10 
9 10 11 
9 11 7 

54 21
1 11 12 
1 12 0 
2 12 10 
2 0 12 
3 0 2 
3 1 0 
4 1 3 
5 11 1 
5 1 4 
6 4 3 
7 11 5 
7 4 6 
7 5 4 
8 7 6 
8 2 10 
8 3 2 
8 6 3 
9 10 11 
9 11 7 
9 8 10 
9 7 8 

55 21
1 11 12 
1 12 0 
2 12 10 
2 0 12 
3 0 2 
3 1 0 
4 1 3 
5 11 1 
5 1 4 
6 4 3 
7 11 5 
7 4 6 
7 5 4 
8 2 10 
8 3 2 
8 6 3 
9 10 11 
9 11 7 
9 8 10 
9 6 8 
9 7 6 

56 21
1 11 12 
1 12 0 
2 12 10 
2 0 12 
3 0 2 
3 1 0 
4 1 3 
5 11 1 
5 1 4 
6 4 3 
7 11 5 
7 5 4 
8 2 10 
8 3 2 
8 6 3 
9 10 11 
9 11 7 
9 8 10 
9 6 8 
9 4 6 
9 7 4 

57 21
1 11 12 
1 12 0 
2 12 10 
2 0 12 
3 0 2 
3 1 0 
4 1 3 
5 11 1 
5 1 4 
6 4 3 
7 11 5 
7 5 4 
8 2 10 
8 3 2 
8 6 3 
9 10 11 
9 11 7 
9 8 10 
9 6 8 
9 4 6 
9 7 4 

58 21
1 11 12 
1 12 0 
2 12 10 
2 0 12 
3 0 2 
3 1 0 
4 1 3 
5 11 1 
5 1 4 
6 4 3 
7 11 5 
7 5 4 
8 2 10 
8 3 2 
8 6 3 
9 10 11 
9 11 7 
9 8 10 
9 6 8 
9 4 6 
9 7 4 

59 21
1 11 12 
1 12 0 
2 12 10 
2 0 12 
3 0 2 
3 1 0 
4 1 3 
5 11 1 
5 1 4 
6 4 3 
7 11 5 
7 5 4 
8 2 10 
8 3 2 
8 6 3 
9 10 11 
9 11 7 
9 8 10 
9 6 8 
9 4 6 
9 7 4 

60 11
3 0 2 
3 1 0 
4 1 3 
5 1 4 
6 4 3 
7 5 4 
8 3 2 
8 6 3 
9 6 8 
9 4 6 
9 7 4 

61