8
0.88472 0.748507
0.566618 0.10093
0.869844 0.895338
0.76831 0.660156
0.457073 0.361037
6.63064 18.415
-11.0211 -12.1588
24.2824 -12.1588

0 3
0 5 6 
0 6 7 
0 7 5 

1 3
0 5 6 
0 6 7 
0 7 5 

2 3
0 5 6 
0 6 7 
0 7 5 

3 5
0 5 6 
0 7 5 
1 0 6 
1 6 7 
1 7 0 

4 5
0 5 6 
0 7 5 
1 0 6 
1 6 7 
1 7 0 

5 5
0 5 6 
0 7 5 
1 0 6 
1 6 7 
1 7 0 

6 7
0 7 5 
1 0 6 
1 6 7 
1 7 0 
2 0 5 
2 5 6 
2 6 0 

7 7
0 7 5 
1 6 7 
1 7 0 
2 0 5 
2 5 6 
2 1 0 
2 6 1 

8 7
0 7 5 
1 6 7 
1 7 0 
2 0 5 
2 5 6 
2 1 0 
2 6 1 

9 7
0 7 5 
1 6 7 
1 7 0 
2 0 5 
2 5 6 
2 1 0 
2 6 1 

10 7
0 7 5 
1 6 7 
1 7 0 
2 0 5 
2 5 6 
2 1 0 
2 6 1 

11 7
1 6 7 
1 7 0 
2 5 6 
2 1 0 
2 6 1 
2 7 5 
2 0 7 

12 7
1 6 7 
1 7 0 
2 5 6 
2 1 0 
2 6 1 
2 7 5 
2 0 7 

13 9
1 6 7 
1 7 0 
2 5 6 
2 1 0 
2 7 5 
2 0 7 
3 2 6 
3 6 1 
3 1 2 

14 9
1 6 7 
1 7 0 
2 5 6 
2 7 5 
2 0 7 
3 2 6 
3 6 1 
3 0 2 
3 1 0 

15 9
1 6 7 
1 7 0 
2 5 6 
2 7 5 
2 0 7 
3 2 6 
3 6 1 
3 0 2 
3 1 0 

16 9
1 6 7 
1 7 0 
2 5 6 
2 7 5 
2 0 7 
3 2 6 
3 6 1 
3 0 2 
3 1 0 

17 9
1 6 7 
1 7 0 
2 5 6 
2 7 5 
2 0 7 
3 2 6 
3 6 1 
3 0 2 
3 1 0 

18 11
1 6 7 
1 7 0 
2 5 6 
2 7 5 
2 0 7 
3 6 1 
3 0 2 
3 1 0 
4 3 2 
4 2 6 
4 6 3 

19 11
1 6 7 
1 7 0 
2 5 6 
2 7 5 
2 0 7 
3 0 2 
3 1 0 
4 3 2 
4 2 6 
4 1 3 
4 6 1 

20 11
1 6 7 
1 7 0 
2 5 6 
2 7 5 
2 0 7 
3 0 2 
3 1 0 
4 3 2 
4 2 6 
4 1 3 
4 6 1 

21 11
1 6 7 
1 7 0 
2 5 6 
2 7 5 
2 0 7 
3 0 2 
3 1 0 
4 3 2 
4 2 6 
4 1 3 
4 6 1 

22 11
1 6 7 
1 7 0 
2 7 5 
2 0 7 
3 0 2 
3 1 0 
4 3 2 
4 1 3 
4 6 1 
4 5 6 
4 2 5 

23 11
1 6 7 
1 7 0 
2 7 5 
2 0 7 
3 0 2 
3 1 0 
4 3 2 
4 1 3 
4 6 1 
4 5 6 
4 2 5 

24 11
1 6 7 
1 7 0 
2 7 5 
2 0 7 
3 0 2 
3 1 0 
4 3 2 
4 1 3 
4 6 1 
4 5 6 
4 2 5 

25 4
3 0 2 
3 1 0 
4 3 2 
4 1 3 

