103
0.428826 -0.523959
-0.741877 0.00412586
-0.570053 0.206312
0.199067 0.581364
-0.135765 -0.0509204
0.517523 0.518337
-0.738376 0.0794376
-0.285766 -0.243979
-0.276171 0.534691
-0.189491 -0.955164
0.523645 0.514164
-0.439803 -0.755351
0.0772118 0.423057
-0.425015 -0.438948
0.0663412 0.169275
0.323941 0.829855
0.221746 -0.0359013
-0.502652 -0.763076
-0.578474 0.0309056
-0.614423 -0.370972
-0.64586 -0.514905
0.127034 -0.665081
-0.0526853 -0.327419
0.255307 0.808854
-0.343521 0.598797
-0.264447 0.461012
-0.50165 0.222949
-0.291256 -0.798087
-0.373966 0.191867
-0.89744 0.391276
-0.345634 -0.858471
0.236748 0.562341
-0.615662 -0.550457
-0.487342 0.620738
-0.233991 -0.625204
-0.439843 0.17215
0.676065 0.118754
-0.525339 -0.343671
-0.117405 0.979942
-0.264274 -0.398423
0.889998 0.137197
-0.0766676 0.457402
-0.0792521 0.274069
-0.24023 -0.560082
0.959815 0.160464
-0.830903 0.2536
0.00772968 0.156651
-0.760186 -0.401253
-0.720907 0.612798
0.291449 -0.0776135
0.286394 0.416748
-0.430793 0.518666
-0.652624 0.480654
0.360574 0.852408
0.797212 -0.208176
-0.361749 0.181221
-0.238024 -0.873718
-0.740113 0.113541
0.698068 -0.695551
0.207307 0.90935
-0.063291 -0.255262
0.316393 -0.943621
-0.385085 -0.785861
-0.807299 0.238326
-0.251984 0.322447
-0.765996 -0.433698
-0.0218818 0.87585
-0.641266 -0.394465
0.274908 -0.663878
-0.619005 0.31201
-0.452821 0.69668
-0.830482 -0.168454
0.500129 0.782787
0.328284 -0.531223
-0.705803 0.56238
0.171586 0.405166
0.233678 -0.484172
0.223353 0.953852
-0.45692 0.166191
-0.825117 0.233807
0.973148 0.0940761
0.110926 0.613664
-0.236697 0.0286564
-0.448203 -0.105227
-0.139714 -0.430363
0.823443 -0.17473
-0.359908 0.112206
-0.676723 0.467756
0.155729 -0.152192
-0.496752 -0.515262
0.458844 0.320934
-0.0331557 -0.317342
-0.645785 0.692985
-0.0280096 -0.896649
-0.0478139 0.00182078
-0.616207 0.470943
-0.0438091 -0.879371
0.976816 -0.0253825
-0.410255 0.37854
-0.214683 0.309125
3.26983 -1.93795
-0.145551 3.97766
-3.56093 -1.93795

0 1
100 101 102 -1 -1 -1 -1 -1 -1 

1 3
4 100 101 2 -1 1 1 -1 2 
4 101 102 0 -1 2 1 -1 2 
4 102 100 1 -1 0 1 -1 2 

2 9
44 4 9 1 2 8 0 2 1 
29 4 44 2 0 4 0 2 1 
9 4 29 0 1 6 0 2 1 
44 100 101 8 -1 4 0 -1 2 
44 101 29 3 5 1 1 2 1 
29 101 102 4 -1 6 0 -1 2 
29 102 9 5 7 2 1 2 1 
9 102 100 6 -1 8 0 -1 2 
9 100 44 7 3 0 1 2 1 

3 21
76 44 42 19 16 11 0 0 1 
42 29 4 15 13 11 0 0 2 
13 9 76 17 20 9 0 0 1 
44 100 101 8 -1 12 0 -1 2 
38 101 29 12 5 15 0 2 2 
29 101 102 4 -1 14 0 -1 2 
17 102 9 14 7 17 0 2 2 
9 102 100 6 -1 10 0 -1 2 
58 100 44 10 3 19 0 2 2 
76 4 13 11 13 2 0 2 1 
9 100 58 7 8 20 1 2 1 
42 4 76 1 9 0 1 2 1 
44 101 38 3 4 16 1 2 1 
13 4 29 9 1 18 0 0 0 
29 102 17 5 6 18 1 2 1 
38 29 42 4 1 16 1 2 2 
38 42 44 15 0 12 1 0 1 
17 9 13 6 2 18 1 2 2 
17 13 29 17 13 14 1 1 1 
58 44 76 8 0 20 1 2 2 
58 76 9 19 2 10 1 0 1 

4 55
76 58 54 34 51 19 0 2 1 
38 92 51 4 15 44 2 2 1 
34 13 17 31 42 48 0 2 0 
44 100 101 29 -1 12 0 -1 0 
92 38 101 1 37 27 2 0 2 
29 101 102 27 -1 14 0 -1 0 
17 102 9 41 7 17 0 2 0 
9 102 100 6 -1 10 0 -1 0 
97 58 100 51 33 29 0 0 2 
39 4 83 11 39 13 0 2 1 
61 9 100 25 7 33 2 1 2 
88 4 39 22 9 26 0 2 1 
72 44 101 21 3 37 2 1 2 
83 13 39 49 31 9 0 2 1 
65 29 102 23 5 41 0 1 2 
51 92 29 1 27 28 0 1 1 
50 72 38 21 37 38 0 1 1 
27 17 9 48 6 47 1 1 2 
19 65 17 50 41 42 1 1 1 
54 49 76 30 35 0 0 0 1 
21 61 76 25 34 53 0 1 2 
44 72 50 12 16 46 2 2 1 
42 4 88 24 11 36 0 2 1 
83 29 65 40 14 50 1 2 0 
26 4 42 39 22 43 0 2 0 
9 61 21 10 20 54 2 2 1 
39 76 88 53 35 11 0 2 1 
92 101 29 4 5 15 1 2 0 
29 26 51 40 43 15 0 2 1 
97 100 44 8 3 52 1 2 0 
44 49 54 46 19 52 0 2 1 
39 13 34 13 2 32 0 2 2 
39 34 21 31 54 53 1 2 1 
61 100 58 10 8 34 1 0 2 
61 58 76 33 0 20 1 2 0 
88 76 49 26 19 36 0 0 2 
88 49 42 35 45 22 1 0 1 
72 101 38 12 4 16 1 0 0 
38 42 50 44 45 16 0 2 1 
83 4 26 9 24 40 0 2 2 
83 26 29 39 28 23 1 2 2 
65 102 17 14 6 18 1 2 0 
17 13 19 2 49 18 0 2 1 
51 26 42 28 24 44 0 1 2 
51 42 38 43 38 1 1 2 1 
50 42 49 38 36 46 0 0 2 
50 49 44 45 30 21 1 2 1 
27 9 34 17 54 48 1 0 2 
27 34 17 47 2 17 1 1 2 
19 13 83 42 13 50 0 2 2 
19 83 65 49 23 18 1 1 2 
54 58 97 0 8 52 0 2 2 
54 97 44 51 29 30 1 1 1 
21 76 39 20 26 32 1 2 1 
21 34 9 32 47 25 0 0 1 

5 115
76 21 68 53 20 72 2 2 1 
70 38 92 66 4 57 2 2 2 
11 13 32 111 42 70 1 1 1 
44 100 101 89 -1 12 0 -1 0 
92 38 101 1 93 27 0 0 0 
29 101 102 85 -1 61 0 -1 0 
102 9 30 7 68 67 2 2 1 
9 102 100 6 -1 10 2 -1 0 
97 58 100 51 33 29 0 0 0 
7 39 91 13 26 11 0 2 0 
61 9 100 25 7 33 0 1 2 
4 7 91 59 9 75 2 1 0 
72 44 101 21 3 37 0 1 0 
13 39 7 31 9 113 2 2 0 
71 65 19 62 18 50 1 0 1 
95 92 48 87 27 63 1 2 1 
23 50 10 105 108 73 0 0 1 
30 27 11 47 48 112 0 2 1 
32 19 65 42 14 69 0 0 2 
49 76 0 35 72 56 0 0 1 
68 21 61 0 81 71 0 0 2 
10 44 72 107 12 73 0 2 2 
82 94 46 97 92 91 1 2 1 
57 83 26 78 24 40 1 0 0 
55 26 83 101 23 98 0 0 0 
93 9 61 109 10 81 0 2 2 
91 39 34 9 31 32 0 1 1 
48 92 101 15 4 85 0 1 2 
95 69 98 88 99 43 1 1 1 
80 97 100 52 8 89 2 1 2 
36 54 97 46 51 52 1 1 1 
39 13 34 13 111 26 2 0 0 
34 21 91 82 53 26 0 1 1 
61 100 58 10 8 71 1 0 0 
58 0 68 55 72 71 2 2 1 
88 76 49 83 19 76 0 2 2 
46 49 50 76 74 45 0 2 0 
77 72 101 65 12 93 0 1 2 
12 42 46 103 91 106 0 2 0 
82 83 7 98 60 59 1 2 1 
69 57 26 64 23 99 0 1 2 
65 102 17 62 67 69 0 0 0 
13 19 32 49 18 2 0 2 0 
98 51 95 44 87 28 0 2 1 
25 51 98 58 43 80 0 2 2 
75 46 50 106 36 105 1 1 2 
36 49 54 74 56 30 0 0 2 
56 27 30 54 17 68 0 2 1 
11 27 34 17 54 111 0 2 2 
37 19 13 114 42 113 1 2 2 
19 83 71 114 78 14 0 0 1 
54 58 97 55 8 30 0 2 0 
97 80 36 29 90 30 2 1 1 
21 76 91 0 83 32 2 2 0 
34 27 56 48 47 110 0 2 1 
0 58 54 34 51 56 2 2 2 
0 54 49 55 46 19 1 0 1 
70 92 51 1 87 58 1 0 2 
70 51 25 57 44 66 1 2 0 
7 4 82 11 97 39 2 2 1 
7 83 37 39 114 113 0 2 1 
71 29 102 77 5 62 0 1 2 
71 102 65 61 41 14 1 2 2 
48 87 95 86 88 15 1 2 1 
29 57 69 77 40 100 2 2 1 
23 72 77 73 37 94 0 2 1 
38 70 25 1 58 104 2 1 1 
30 17 102 112 41 6 0 0 1 
30 9 56 6 109 47 0 2 1 
32 65 17 18 41 70 1 1 2 
32 17 11 69 112 2 1 2 1 
68 61 58 20 33 34 1 1 1 
68 0 76 34 19 0 0 0 1 
10 72 23 21 65 16 1 2 1 
50 49 36 36 46 108 0 2 1 
94 4 91 97 11 84 0 1 1 
88 49 46 35 36 92 1 2 1 
57 29 71 64 61 78 2 2 2 
57 71 83 77 50 23 1 0 2 
42 55 82 102 98 91 2 2 0 
25 98 55 44 101 102 1 1 1 
93 61 21 25 20 82 1 0 2 
93 21 34 81 32 110 1 2 0 
91 76 88 53 35 84 0 2 2 
91 88 94 83 92 75 1 0 1 
48 101 29 27 5 86 1 2 2 
48 29 87 85 100 63 1 0 2 
95 51 92 43 57 15 0 0 2 
95 87 69 63 100 28 0 2 2 
80 100 44 29 3 90 1 2 2 
80 44 36 89 107 52 1 2 0 
46 42 82 38 79 22 0 1 1 
46 94 88 22 84 76 0 0 1 
77 101 38 37 4 94 1 0 2 
77 38 23 93 96 65 1 0 1 
23 12 75 96 106 105 2 2 1 
12 23 38 95 94 104 2 0 0 
82 4 94 59 75 22 0 2 2 
82 55 83 79 24 39 0 1 2 
69 26 98 40 101 28 1 2 0 
69 87 29 88 86 64 0 0 1 
98 26 55 99 24 80 0 2 0 
55 42 25 79 103 80 2 2 1 
25 42 12 102 38 104 0 2 2 
25 12 38 103 96 66 1 1 1 
75 50 23 45 16 95 1 2 1 
75 12 46 95 38 45 0 1 2 
36 44 10 90 21 108 0 2 2 
36 10 50 107 16 74 1 0 1 
56 9 93 68 25 110 0 2 2 
56 93 34 109 82 54 1 1 1 
11 34 13 48 31 2 1 0 2 
11 17 30 70 67 17 0 2 1 
37 13 7 49 13 60 1 1 1 
37 83 19 60 50 49 0 2 2 

6 177
76 21 68 53 20 150 2 2 0 
70 38 92 66 4 57 0 2 0 
89 11 34 70 48 111 0 2 1 
44 100 101 89 -1 12 0 -1 0 
92 38 101 1 93 27 0 0 0 
29 101 102 85 -1 61 0 -1 0 
102 9 30 7 68 67 2 2 1 
9 102 100 6 -1 10 2 -1 0 
97 58 100 51 33 29 2 0 0 
60 39 84 117 131 26 1 2 1 
61 9 100 25 7 33 0 1 2 
60 4 7 75 59 117 0 2 2 
72 44 101 21 3 37 0 1 0 
13 39 7 31 117 113 2 0 0 
47 71 65 120 62 119 1 1 2 
92 48 74 27 86 139 2 2 0 
31 72 23 172 65 73 1 0 1 
62 30 27 112 47 123 0 0 2 
20 32 89 126 116 42 1 2 1 
49 76 0 35 149 56 0 0 1 
68 21 61 0 81 71 0 0 2 
10 44 72 155 12 122 0 2 0 
82 94 46 97 36 91 1 0 1 
18 57 71 137 77 78 0 2 1 
28 78 86 165 164 163 1 2 1 
93 9 61 109 10 81 2 2 2 
84 91 60 32 118 9 0 2 1 
48 92 101 15 4 85 2 1 2 
95 69 98 88 99 43 1 1 1 
80 97 100 52 8 89 2 1 2 
85 36 54 156 46 133 0 1 2 
39 13 34 13 111 131 2 2 0 
21 91 84 53 26 132 1 2 1 
61 100 58 10 8 71 1 0 0 
58 0 68 55 72 71 2 0 1 
88 76 49 83 19 76 0 2 0 
14 46 94 38 22 152 0 0 0 
77 72 101 145 12 93 0 1 2 
42 46 14 91 36 106 2 2 1 
82 83 7 127 60 59 2 2 1 
2 69 57 138 143 137 1 0 2 
65 102 17 62 67 69 0 0 0 
89 19 20 49 125 18 0 2 1 
98 51 95 44 87 28 0 2 1 
25 51 98 58 43 168 2 2 0 
14 75 12 136 159 106 1 0 2 
36 49 54 74 56 30 2 0 0 
56 27 30 54 17 68 0 0 1 
34 11 62 2 124 123 0 2 1 
37 19 89 114 42 115 1 2 1 
19 83 71 114 78 120 0 2 0 
58 97 85 8 134 133 2 2 1 
97 80 40 29 90 134 2 2 0 
21 76 91 0 83 32 2 2 2 
34 27 56 123 47 176 0 2 0 
0 58 54 34 133 56 2 0 2 
0 54 49 55 46 19 1 0 1 
33 70 92 147 1 139 0 1 2 
51 25 8 44 170 169 2 2 1 
7 4 82 11 97 39 0 2 1 
7 83 37 39 114 113 0 2 1 
71 29 102 64 5 62 0 1 2 
71 102 65 61 41 14 1 2 0 
74 52 95 154 141 142 1 1 2 
63 29 71 100 61 77 0 2 1 
53 23 72 158 16 145 0 0 2 
24 38 70 96 1 147 2 2 2 
30 17 102 112 41 6 2 0 1 
30 9 56 6 110 47 0 0 1 
32 65 17 126 41 116 0 1 0 
17 11 89 124 2 116 0 2 1 
68 61 58 20 33 34 1 1 1 
73 68 0 150 34 149 1 0 2 
23 3 31 162 105 16 0 2 1 
49 36 90 46 108 151 2 2 0 
94 4 60 97 11 84 0 2 0 
16 88 49 92 35 151 0 1 2 
71 57 63 23 143 64 0 2 1 
71 83 18 50 130 23 0 2 1 
82 42 64 91 167 102 0 2 1 
98 28 64 101 166 168 2 1 1 
93 61 21 25 20 175 1 0 0 
21 34 96 132 176 175 0 2 1 
91 76 88 53 35 118 0 2 0 
88 94 60 92 75 118 2 1 1 
48 101 29 27 5 86 1 2 0 
74 48 29 15 85 153 0 1 2 
95 51 33 43 140 142 0 2 0 
95 87 69 141 144 28 0 0 2 
80 100 44 29 3 90 1 2 0 
40 80 44 52 89 155 0 1 2 
46 42 82 38 79 22 2 2 1 
94 88 16 84 76 152 2 2 1 
77 101 38 37 4 94 1 0 0 
59 77 38 146 93 157 0 1 2 
23 59 81 158 157 162 2 1 1 
38 24 8 66 169 104 2 2 1 
82 4 94 59 75 22 0 2 2 
86 82 55 127 102 163 0 0 2 
69 26 98 138 101 28 0 0 0 
87 29 63 153 64 144 0 2 1 
28 98 26 80 99 165 2 0 2 
64 55 82 166 98 79 0 0 1 
25 42 12 167 106 170 0 0 0 
8 81 38 148 157 96 0 0 1 
31 3 75 73 159 160 0 1 1 
14 12 42 45 103 38 1 0 1 
10 36 40 108 156 155 0 2 1 
90 36 10 74 107 173 0 2 2 
9 93 96 25 175 110 2 2 1 
96 56 9 176 68 109 1 0 1 
34 13 89 31 115 2 0 2 1 
17 30 62 67 17 124 2 2 1 
37 13 7 115 13 60 0 1 1 
37 83 19 60 50 49 0 2 2 
89 13 37 111 113 49 0 2 1 
89 32 17 18 69 70 0 1 1 
60 7 39 11 13 9 1 0 2 
60 91 88 26 83 84 0 1 1 
47 65 20 14 126 125 1 2 1 
47 19 71 125 50 14 0 1 2 
5 50 90 171 174 173 0 2 1 
5 10 72 173 21 172 0 1 0 
62 27 34 17 54 48 1 2 1 
62 11 17 48 70 112 0 2 1 
20 19 47 42 120 119 0 2 1 
20 65 32 119 69 18 0 2 2 
83 82 86 39 98 130 2 2 0 
2 18 78 137 164 129 1 0 1 
78 26 2 165 138 128 0 2 1 
18 83 86 78 127 164 0 1 1 
84 39 34 9 31 132 0 1 2 
84 34 21 131 82 32 1 2 1 
85 54 58 30 55 51 1 0 1 
85 97 40 51 52 156 0 1 1 
14 16 90 152 151 174 2 1 1 
14 50 75 174 160 45 0 2 2 
2 57 18 40 23 128 1 2 2 
2 26 69 129 99 40 0 2 2 
33 92 74 57 15 142 1 1 1 
33 51 24 87 169 147 0 0 1 
52 87 95 154 88 63 0 2 0 
74 95 33 63 87 139 1 1 1 
63 57 69 77 40 144 0 0 2 
63 69 87 143 88 100 1 0 1 
53 72 77 65 37 146 1 2 2 
53 77 59 145 94 158 1 2 1 
24 70 33 66 57 140 1 2 1 
12 81 8 161 104 170 2 2 1 
73 0 76 72 19 150 1 0 2 
73 76 68 149 0 72 1 1 2 
16 49 90 76 74 135 1 1 0 
16 14 94 135 36 92 2 1 1 
74 29 87 86 100 154 1 2 2 
74 87 52 153 141 63 1 2 2 
40 44 10 90 21 107 1 2 1 
40 36 85 107 30 134 0 2 1 
59 38 81 94 104 95 1 0 0 
59 23 53 95 65 146 2 2 1 
3 12 75 161 45 105 0 0 0 
75 50 31 136 171 105 0 2 1 
81 12 3 148 159 162 2 2 2 
81 3 23 161 73 95 1 2 1 
86 55 28 98 166 24 1 2 1 
86 78 18 24 128 130 0 0 1 
28 26 78 101 129 24 1 2 2 
28 55 64 163 102 80 0 2 0 
64 42 25 79 103 168 0 2 2 
64 25 98 167 44 80 1 1 1 
8 24 51 96 140 58 0 0 1 
8 25 12 58 103 148 0 1 1 
31 50 5 160 121 172 0 2 2 
31 5 72 171 122 16 1 1 2 
90 10 5 108 122 121 1 2 1 
90 50 14 121 136 135 0 2 1 
96 93 21 109 81 82 0 1 1 
96 34 56 82 54 110 0 1 2 

7 197
76 21 68 32 20 150 0 2 0 
70 38 92 66 4 57 0 2 0 
89 11 34 70 48 111 0 2 2 
44 100 101 89 -1 12 0 -1 0 
92 38 101 1 93 27 0 0 0 
29 101 102 85 -1 61 0 -1 0 
102 9 30 7 68 67 2 2 1 
9 102 100 6 -1 10 2 -1 0 
97 58 100 51 33 29 2 0 0 
39 84 22 131 26 180 0 2 1 
61 9 100 25 7 33 0 1 2 
60 4 7 75 59 117 0 2 2 
72 44 101 21 3 37 0 1 0 
13 39 7 189 117 113 0 0 0 
47 71 65 120 62 188 1 1 0 
92 48 74 27 86 139 2 2 0 
31 72 15 172 184 183 1 2 1 
62 30 27 112 47 123 0 0 2 
20 32 89 126 116 125 1 2 0 
49 76 0 35 149 56 0 0 1 
68 21 61 0 81 71 0 0 2 
10 44 72 155 12 122 0 2 0 
82 94 46 97 36 91 1 0 1 
1 18 57 78 137 77 0 0 0 
35 86 55 194 98 163 1 1 1 
93 9 61 109 10 81 2 2 2 
22 84 21 9 132 32 0 1 2 
48 92 101 15 4 85 2 1 2 
95 69 98 88 99 43 1 1 1 
80 97 100 52 8 89 2 1 2 
85 36 54 156 46 133 0 1 2 
43 13 89 189 115 111 1 2 1 
22 21 76 26 0 53 1 2 1 
61 100 58 10 8 71 1 0 0 
58 0 68 55 72 71 2 0 1 
88 76 49 83 19 76 0 2 0 
14 46 94 38 22 152 0 0 0 
77 72 101 145 12 93 0 1 2 
42 46 14 91 36 106 2 2 1 
82 83 7 127 60 59 2 2 1 
2 69 57 138 143 137 1 0 2 
65 102 17 62 67 69 0 0 0 
89 19 67 49 187 125 0 2 1 
98 51 95 44 87 28 0 2 1 
25 51 98 58 43 168 2 2 0 
14 75 12 136 159 106 1 0 2 
36 49 54 74 56 30 2 0 0 
56 27 30 54 17 68 0 0 1 
34 11 62 2 124 123 0 2 1 
37 19 89 114 42 115 1 2 1 
19 83 71 114 178 120 0 0 0 
58 97 85 8 134 133 2 2 1 
97 80 40 29 90 134 2 2 0 
76 91 22 83 179 32 2 2 1 
34 27 56 123 47 176 0 2 0 
0 58 54 34 133 56 2 0 2 
0 54 49 55 46 19 1 0 1 
33 70 92 147 1 139 0 1 2 
51 25 8 44 170 169 2 0 1 
7 4 82 11 97 39 0 2 1 
7 83 37 39 114 113 0 2 1 
71 29 102 181 5 62 0 1 2 
71 102 65 61 41 14 1 2 0 
74 52 95 154 141 142 1 1 2 
79 63 29 177 100 181 0 0 2 
15 53 77 184 145 146 1 1 1 
24 38 70 191 1 147 0 2 2 
30 17 102 112 41 6 2 0 1 
30 9 56 6 110 47 0 0 1 
32 65 17 126 41 116 0 1 0 
17 11 89 124 2 116 0 2 1 
68 61 58 20 33 34 1 1 1 
73 68 0 150 34 149 1 0 2 
23 3 31 162 105 183 0 2 0 
49 36 90 46 108 151 2 2 0 
94 4 60 97 11 84 0 2 0 
16 88 49 92 35 151 0 1 2 
79 1 57 182 23 177 1 1 1 
83 18 1 130 23 178 2 2 1 
99 82 42 102 91 185 0 0 2 
98 28 64 101 166 168 2 1 1 
93 61 21 25 20 175 1 0 0 
21 34 96 132 176 175 0 2 1 
91 76 88 53 35 118 2 2 0 
88 94 60 92 75 118 2 1 1 
48 101 29 27 5 86 1 2 0 
74 48 29 15 85 153 0 1 2 
95 51 33 43 140 142 0 2 0 
95 87 69 141 144 28 0 0 2 
80 100 44 29 3 90 1 2 0 
40 80 44 52 89 155 0 1 2 
46 42 82 38 79 22 2 0 1 
94 88 16 84 76 152 2 2 1 
77 101 38 37 4 94 1 0 2 
77 38 66 93 191 157 1 2 1 
23 59 66 158 157 192 2 2 1 
24 8 66 169 104 191 2 2 1 
82 4 94 59 75 22 0 2 2 
86 82 55 127 102 24 0 2 0 
69 26 98 138 101 28 0 0 0 
87 29 63 153 64 144 0 0 1 
28 98 26 80 99 165 2 0 0 
55 82 99 98 79 186 0 2 1 
42 12 41 106 196 185 0 2 0 
66 8 41 96 170 148 0 2 1 
31 3 75 73 159 160 0 1 1 
14 12 42 45 103 38 1 2 1 
10 36 40 108 156 155 0 2 1 
90 36 10 74 107 173 0 2 2 
9 93 96 25 175 110 2 2 1 
96 56 9 176 68 109 1 0 1 
89 34 43 2 190 31 1 2 1 
17 30 62 67 17 124 2 2 1 
37 13 7 115 13 60 0 1 1 
37 83 19 60 50 49 0 2 2 
89 13 37 31 113 49 0 2 1 
89 32 17 18 69 70 0 1 1 
60 7 39 11 13 180 1 0 0 
60 91 88 179 83 84 0 1 1 
65 20 67 126 125 188 2 2 1 
47 19 71 187 50 14 0 1 2 
5 50 90 171 174 173 0 2 1 
5 10 72 173 21 172 0 1 0 
62 27 34 17 54 48 1 2 1 
62 11 17 48 70 112 0 2 1 
67 20 89 119 18 42 0 1 1 
20 65 32 119 69 18 2 2 2 
83 82 86 39 98 130 2 2 0 
2 18 78 137 164 129 1 0 1 
78 26 2 193 138 128 0 2 1 
18 83 86 78 127 164 2 1 1 
43 84 39 190 9 189 1 2 2 
84 34 21 190 82 26 0 2 0 
85 54 58 30 55 51 1 0 1 
85 97 40 51 52 156 0 1 1 
14 16 90 152 151 174 2 1 1 
14 50 75 174 160 45 0 2 2 
2 57 18 40 23 128 1 0 2 
2 26 69 129 99 40 0 2 2 
33 92 74 57 15 142 1 1 1 
33 51 24 87 169 147 0 0 1 
52 87 95 154 88 63 0 2 0 
74 95 33 63 87 139 1 1 1 
63 57 69 177 40 144 2 0 2 
63 69 87 143 88 100 1 0 1 
53 72 77 184 37 65 0 2 0 
77 59 15 157 158 65 0 1 1 
24 70 33 66 57 140 1 2 1 
41 81 66 196 192 104 1 2 1 
73 0 76 72 19 150 1 0 2 
73 76 68 149 0 72 1 1 2 
16 49 90 76 74 135 1 1 0 
16 14 94 135 36 92 2 1 1 
74 29 87 86 100 154 1 2 2 
74 87 52 153 141 63 1 2 2 
40 44 10 90 21 107 1 2 1 
40 36 85 107 30 134 0 2 1 
66 59 77 95 146 94 0 2 1 
59 23 15 95 183 146 2 2 0 
3 12 75 161 45 105 0 0 0 
75 50 31 136 171 105 0 2 1 
81 12 3 196 159 162 0 2 2 
81 3 23 161 73 192 1 2 0 
55 28 35 166 165 24 2 2 1 
86 78 18 194 128 130 0 0 1 
35 28 26 163 101 193 0 1 2 
28 55 64 163 186 80 2 0 0 
25 64 99 168 186 195 2 2 0 
64 25 98 167 44 80 2 1 1 
8 24 51 96 140 58 2 0 1 
41 8 25 104 58 195 0 0 2 
31 50 5 160 121 172 0 2 2 
31 5 72 171 122 16 1 1 2 
90 10 5 108 122 121 1 2 1 
90 50 14 121 136 135 0 2 1 
96 93 21 109 81 82 0 1 1 
96 34 56 82 54 110 0 1 2 
57 63 79 143 64 77 2 2 1 
1 71 83 182 50 78 0 0 1 
22 91 60 53 118 180 0 2 2 
22 60 39 179 117 9 1 1 1 
79 29 71 64 61 182 1 2 2 
79 71 1 181 178 77 1 2 2 
15 23 31 158 73 16 0 1 1 
15 72 53 16 145 65 0 2 2 
99 42 41 79 103 195 1 1 1 
99 64 55 167 166 102 0 0 1 
67 19 47 42 120 188 0 2 2 
67 47 65 187 14 119 1 1 1 
43 39 13 131 13 31 1 2 2 
43 34 84 111 132 131 0 2 2 
66 38 24 94 66 96 0 2 1 
66 81 23 148 162 95 0 1 1 
35 26 78 165 129 194 1 2 2 
35 78 86 193 164 24 1 2 2 
41 25 99 170 167 185 1 1 1 
41 12 81 103 161 148 0 2 2 

8 201
76 21 68 32 20 150 0 2 0 
70 38 92 66 4 57 0 2 0 
89 11 34 70 48 111 0 2 2 
44 100 101 89 -1 12 0 -1 0 
92 38 101 1 93 27 0 0 0 
29 101 102 85 -1 61 0 -1 0 
102 9 30 7 68 67 2 2 1 
9 102 100 6 -1 10 2 -1 0 
97 58 100 51 33 29 2 0 0 
39 84 22 131 26 180 0 2 1 
61 9 100 25 7 33 0 1 2 
60 4 7 75 59 117 0 2 2 
72 44 101 21 3 37 0 1 0 
13 39 7 189 117 113 0 0 0 
47 71 65 120 62 188 1 1 0 
92 48 74 27 86 139 2 2 0 
31 72 15 172 184 183 1 2 1 
62 30 27 112 47 123 0 0 2 
20 32 89 126 116 125 1 2 0 
49 76 0 35 149 56 0 0 1 
68 21 61 0 81 71 0 0 2 
10 44 72 155 12 122 0 2 0 
82 94 46 97 36 91 1 0 1 
6 1 18 77 78 197 0 0 2 
35 86 55 194 98 163 1 1 1 
93 9 61 109 10 81 2 2 2 
22 84 21 9 132 32 0 1 2 
48 92 101 15 4 85 2 1 2 
95 69 98 88 99 43 1 1 1 
80 97 100 52 8 89 2 1 2 
85 36 54 156 46 133 0 1 2 
43 13 89 189 115 111 1 2 1 
22 21 76 26 0 53 1 2 1 
61 100 58 10 8 71 1 0 0 
58 0 68 55 72 71 2 0 1 
88 76 49 83 19 76 0 2 0 
14 46 94 38 22 152 0 0 0 
77 72 101 145 12 93 0 1 2 
42 46 14 91 36 106 2 2 1 
82 83 7 127 60 59 2 2 1 
2 69 57 138 143 137 1 0 2 
65 102 17 62 67 69 0 0 0 
89 19 67 49 187 125 0 2 1 
98 51 95 44 87 28 0 2 1 
25 51 98 58 43 168 2 2 0 
14 75 12 136 159 106 1 0 2 
36 49 54 74 56 30 2 0 0 
56 27 30 54 17 68 0 0 1 
34 11 62 2 124 123 0 2 1 
37 19 89 114 42 115 1 2 1 
19 83 71 114 178 120 0 0 0 
58 97 85 8 134 133 2 2 1 
97 80 40 29 90 134 2 2 0 
76 91 22 83 179 32 2 2 1 
34 27 56 123 47 176 0 2 0 
0 58 54 34 133 56 2 0 2 
0 54 49 55 46 19 1 0 1 
33 70 92 147 1 139 0 1 2 
51 25 8 44 170 169 2 0 1 
7 4 82 11 97 39 0 2 1 
7 83 37 39 114 113 0 2 1 
71 29 102 181 5 62 0 1 2 
71 102 65 61 41 14 1 2 0 
74 52 95 154 141 142 1 1 2 
45 79 63 200 177 199 1 0 2 
15 53 77 184 145 146 1 1 1 
24 38 70 191 1 147 0 2 2 
30 17 102 112 41 6 2 0 1 
30 9 56 6 110 47 0 0 1 
32 65 17 126 41 116 0 1 0 
17 11 89 124 2 116 0 2 1 
68 61 58 20 33 34 1 1 1 
73 68 0 150 34 149 1 0 2 
23 3 31 162 105 183 0 2 0 
49 36 90 46 108 151 2 2 0 
94 4 60 97 11 84 0 2 0 
16 88 49 92 35 151 0 1 2 
79 1 6 182 23 198 1 2 1 
83 18 1 130 23 178 2 0 1 
99 82 42 102 91 185 0 0 2 
98 28 64 101 166 168 2 1 1 
93 61 21 25 20 175 1 0 0 
21 34 96 132 176 175 0 2 1 
91 76 88 53 35 118 2 2 0 
88 94 60 92 75 118 2 1 1 
48 101 29 27 5 86 1 2 0 
74 48 29 15 85 153 0 1 2 
95 51 33 43 140 142 0 2 0 
95 87 69 141 144 28 0 0 2 
80 100 44 29 3 90 1 2 0 
40 80 44 52 89 155 0 1 2 
46 42 82 38 79 22 2 0 1 
94 88 16 84 76 152 2 2 1 
77 101 38 37 4 94 1 0 2 
77 38 66 93 191 157 1 2 1 
23 59 66 158 157 192 2 2 1 
24 8 66 169 104 191 2 2 1 
82 4 94 59 75 22 0 2 2 
86 82 55 127 102 24 0 2 0 
69 26 98 138 101 28 0 0 0 
87 29 45 153 200 199 0 2 1 
28 98 26 80 99 165 2 0 0 
55 82 99 98 79 186 0 2 1 
42 12 41 106 196 185 0 2 0 
66 8 41 96 170 148 0 2 1 
31 3 75 73 159 160 0 1 1 
14 12 42 45 103 38 1 2 1 
10 36 40 108 156 155 0 2 1 
90 36 10 74 107 173 0 2 2 
9 93 96 25 175 110 2 2 1 
96 56 9 176 68 109 1 0 1 
89 34 43 2 190 31 1 2 1 
17 30 62 67 17 124 2 2 1 
37 13 7 115 13 60 0 1 1 
37 83 19 60 50 49 0 2 2 
89 13 37 31 113 49 0 2 1 
89 32 17 18 69 70 0 1 1 
60 7 39 11 13 180 1 0 0 
60 91 88 179 83 84 0 1 1 
65 20 67 126 125 188 2 2 1 
47 19 71 187 50 14 0 1 2 
5 50 90 171 174 173 0 2 1 
5 10 72 173 21 172 0 1 0 
62 27 34 17 54 48 1 2 1 
62 11 17 48 70 112 0 2 1 
67 20 89 119 18 42 0 1 1 
20 65 32 119 69 18 2 2 2 
83 82 86 39 98 130 2 2 0 
2 18 78 137 164 129 1 0 1 
78 26 2 193 138 128 0 2 1 
18 83 86 78 127 164 2 1 1 
43 84 39 190 9 189 1 2 2 
84 34 21 190 82 26 0 2 0 
85 54 58 30 55 51 1 0 1 
85 97 40 51 52 156 0 1 1 
14 16 90 152 151 174 2 1 1 
14 50 75 174 160 45 0 2 2 
2 57 18 40 197 128 1 0 2 
2 26 69 129 99 40 0 2 2 
33 92 74 57 15 142 1 1 1 
33 51 24 87 169 147 0 0 1 
52 87 95 154 88 63 0 2 0 
74 95 33 63 87 139 1 1 1 
63 57 69 177 40 144 2 0 2 
63 69 87 143 88 199 1 0 0 
53 72 77 184 37 65 0 2 0 
77 59 15 157 158 65 0 1 1 
24 70 33 66 57 140 1 2 1 
41 81 66 196 192 104 1 2 1 
73 0 76 72 19 150 1 0 2 
73 76 68 149 0 72 1 1 2 
16 49 90 76 74 135 1 1 0 
16 14 94 135 36 92 2 1 1 
74 29 87 86 100 154 1 2 2 
74 87 52 153 141 63 1 2 2 
40 44 10 90 21 107 1 2 1 
40 36 85 107 30 134 0 2 1 
66 59 77 95 146 94 0 2 1 
59 23 15 95 183 146 2 2 0 
3 12 75 161 45 105 0 0 0 
75 50 31 136 171 105 0 2 1 
81 12 3 196 159 162 0 2 2 
81 3 23 161 73 192 1 2 0 
55 28 35 166 165 24 2 2 1 
86 78 18 194 128 130 0 0 1 
35 28 26 163 101 193 0 1 2 
28 55 64 163 186 80 2 0 0 
25 64 99 168 186 195 2 2 0 
64 25 98 167 44 80 2 1 1 
8 24 51 96 140 58 2 0 1 
41 8 25 104 58 195 0 0 2 
31 50 5 160 121 172 0 2 2 
31 5 72 171 122 16 1 1 2 
90 10 5 108 122 121 1 2 1 
90 50 14 121 136 135 0 2 1 
96 93 21 109 81 82 0 1 1 
96 34 56 82 54 110 0 1 2 
57 63 79 143 64 198 2 0 0 
1 71 83 182 50 78 0 0 1 
22 91 60 53 118 180 0 2 2 
22 60 39 179 117 9 1 1 1 
79 29 71 200 61 182 0 2 2 
79 71 1 181 178 77 1 2 2 
15 23 31 158 73 16 0 1 1 
15 72 53 16 145 65 0 2 2 
99 42 41 79 103 195 1 1 1 
99 64 55 167 166 102 0 0 1 
67 19 47 42 120 188 0 2 2 
67 47 65 187 14 119 1 1 1 
43 39 13 131 13 31 1 2 2 
43 34 84 111 132 131 0 2 2 
66 38 24 94 66 96 0 2 1 
66 81 23 148 162 95 0 1 1 
35 26 78 165 129 194 1 2 2 
35 78 86 193 164 24 1 2 2 
41 25 99 170 167 185 1 1 1 
41 12 81 103 161 148 0 2 2 
6 18 57 23 137 198 1 0 2 
6 57 79 197 177 77 1 1 1 
45 63 87 64 144 100 1 1 1 
45 29 79 100 181 64 0 2 2 

9 201
76 21 68 32 20 150 0 2 0 
70 38 92 66 4 57 0 2 0 
89 11 34 70 48 111 0 2 2 
44 100 101 89 -1 12 0 -1 0 
92 38 101 1 93 27 0 0 0 
29 101 102 85 -1 61 0 -1 0 
102 9 30 7 68 67 2 2 1 
9 102 100 6 -1 10 2 -1 0 
97 58 100 51 33 29 2 0 0 
39 84 22 131 26 180 0 2 1 
61 9 100 25 7 33 0 1 2 
60 4 7 75 59 117 0 2 2 
72 44 101 21 3 37 0 1 0 
13 39 7 189 117 113 0 0 0 
47 71 65 120 62 188 1 1 0 
92 48 74 27 86 139 2 2 0 
31 72 15 172 184 183 1 2 1 
62 30 27 112 47 123 0 0 2 
20 32 89 126 116 125 1 2 0 
49 76 0 35 149 56 0 0 1 
68 21 61 0 81 71 0 0 2 
10 44 72 155 12 122 0 2 0 
82 94 46 97 36 91 1 0 1 
6 1 18 77 78 197 0 0 2 
35 86 55 194 98 163 1 1 1 
93 9 61 109 10 81 2 2 2 
22 84 21 9 132 32 0 1 2 
48 92 101 15 4 85 2 1 2 
95 69 98 88 99 43 1 1 1 
80 97 100 52 8 89 2 1 2 
85 36 54 156 46 133 0 1 2 
43 13 89 189 115 111 1 2 1 
22 21 76 26 0 53 1 2 1 
61 100 58 10 8 71 1 0 0 
58 0 68 55 72 71 2 0 1 
88 76 49 83 19 76 0 2 0 
14 46 94 38 22 152 0 0 0 
77 72 101 145 12 93 0 1 2 
42 46 14 91 36 106 2 2 1 
82 83 7 127 60 59 2 2 1 
2 69 57 138 143 137 1 0 2 
65 102 17 62 67 69 0 0 0 
89 19 67 49 187 125 0 2 1 
98 51 95 44 87 28 0 2 1 
25 51 98 58 43 168 2 2 0 
14 75 12 136 159 106 1 0 2 
36 49 54 74 56 30 2 0 0 
56 27 30 54 17 68 0 0 1 
34 11 62 2 124 123 0 2 1 
37 19 89 114 42 115 1 2 1 
19 83 71 114 178 120 0 0 0 
58 97 85 8 134 133 2 2 1 
97 80 40 29 90 134 2 2 0 
76 91 22 83 179 32 2 2 1 
34 27 56 123 47 176 0 2 0 
0 58 54 34 133 56 2 0 2 
0 54 49 55 46 19 1 0 1 
33 70 92 147 1 139 0 1 2 
51 25 8 44 170 169 2 0 1 
7 4 82 11 97 39 0 2 1 
7 83 37 39 114 113 0 2 1 
71 29 102 181 5 62 0 1 2 
71 102 65 61 41 14 1 2 0 
74 52 95 154 141 142 1 1 2 
45 79 63 200 177 199 1 0 2 
15 53 77 184 145 146 1 1 1 
24 38 70 191 1 147 0 2 2 
30 17 102 112 41 6 2 0 1 
30 9 56 6 110 47 0 0 1 
32 65 17 126 41 116 0 1 0 
17 11 89 124 2 116 0 2 1 
68 61 58 20 33 34 1 1 1 
73 68 0 150 34 149 1 0 2 
23 3 31 162 105 183 0 2 0 
49 36 90 46 108 151 2 2 0 
94 4 60 97 11 84 0 2 0 
16 88 49 92 35 151 0 1 2 
79 1 6 182 23 198 1 2 1 
83 18 1 130 23 178 2 0 1 
99 82 42 102 91 185 0 0 2 
98 28 64 101 166 168 2 1 1 
93 61 21 25 20 175 1 0 0 
21 34 96 132 176 175 0 2 1 
91 76 88 53 35 118 2 2 0 
88 94 60 92 75 118 2 1 1 
48 101 29 27 5 86 1 2 0 
74 48 29 15 85 153 0 1 2 
95 51 33 43 140 142 0 2 0 
95 87 69 141 144 28 0 0 2 
80 100 44 29 3 90 1 2 0 
40 80 44 52 89 155 0 1 2 
46 42 82 38 79 22 2 0 1 
94 88 16 84 76 152 2 2 1 
77 101 38 37 4 94 1 0 2 
77 38 66 93 191 157 1 2 1 
23 59 66 158 157 192 2 2 1 
24 8 66 169 104 191 2 2 1 
82 4 94 59 75 22 0 2 2 
86 82 55 127 102 24 0 2 0 
69 26 98 138 101 28 0 0 0 
87 29 45 153 200 199 0 2 1 
28 98 26 80 99 165 2 0 0 
55 82 99 98 79 186 0 2 1 
42 12 41 106 196 185 0 2 0 
66 8 41 96 170 148 0 2 1 
31 3 75 73 159 160 0 1 1 
14 12 42 45 103 38 1 2 1 
10 36 40 108 156 155 0 2 1 
90 36 10 74 107 173 0 2 2 
9 93 96 25 175 110 2 2 1 
96 56 9 176 68 109 1 0 1 
89 34 43 2 190 31 1 2 1 
17 30 62 67 17 124 2 2 1 
37 13 7 115 13 60 0 1 1 
37 83 19 60 50 49 0 2 2 
89 13 37 31 113 49 0 2 1 
89 32 17 18 69 70 0 1 1 
60 7 39 11 13 180 1 0 0 
60 91 88 179 83 84 0 1 1 
65 20 67 126 125 188 2 2 1 
47 19 71 187 50 14 0 1 2 
5 50 90 171 174 173 0 2 1 
5 10 72 173 21 172 0 1 0 
62 27 34 17 54 48 1 2 1 
62 11 17 48 70 112 0 2 1 
67 20 89 119 18 42 0 1 1 
20 65 32 119 69 18 2 2 2 
83 82 86 39 98 130 2 2 0 
2 18 78 137 164 129 1 0 1 
78 26 2 193 138 128 0 2 1 
18 83 86 78 127 164 2 1 1 
43 84 39 190 9 189 1 2 2 
84 34 21 190 82 26 0 2 0 
85 54 58 30 55 51 1 0 1 
85 97 40 51 52 156 0 1 1 
14 16 90 152 151 174 2 1 1 
14 50 75 174 160 45 0 2 2 
2 57 18 40 197 128 1 0 2 
2 26 69 129 99 40 0 2 2 
33 92 74 57 15 142 1 1 1 
33 51 24 87 169 147 0 0 1 
52 87 95 154 88 63 0 2 0 
74 95 33 63 87 139 1 1 1 
63 57 69 177 40 144 2 0 2 
63 69 87 143 88 199 1 0 0 
53 72 77 184 37 65 0 2 0 
77 59 15 157 158 65 0 1 1 
24 70 33 66 57 140 1 2 1 
41 81 66 196 192 104 1 2 1 
73 0 76 72 19 150 1 0 2 
73 76 68 149 0 72 1 1 2 
16 49 90 76 74 135 1 1 0 
16 14 94 135 36 92 2 1 1 
74 29 87 86 100 154 1 2 2 
74 87 52 153 141 63 1 2 2 
40 44 10 90 21 107 1 2 1 
40 36 85 107 30 134 0 2 1 
66 59 77 95 146 94 0 2 1 
59 23 15 95 183 146 2 2 0 
3 12 75 161 45 105 0 0 0 
75 50 31 136 171 105 0 2 1 
81 12 3 196 159 162 0 2 2 
81 3 23 161 73 192 1 2 0 
55 28 35 166 165 24 2 2 1 
86 78 18 194 128 130 0 0 1 
35 28 26 163 101 193 0 1 2 
28 55 64 163 186 80 2 0 0 
25 64 99 168 186 195 2 2 0 
64 25 98 167 44 80 2 1 1 
8 24 51 96 140 58 2 0 1 
41 8 25 104 58 195 0 0 2 
31 50 5 160 121 172 0 2 2 
31 5 72 171 122 16 1 1 2 
90 10 5 108 122 121 1 2 1 
90 50 14 121 136 135 0 2 1 
96 93 21 109 81 82 0 1 1 
96 34 56 82 54 110 0 1 2 
57 63 79 143 64 198 2 0 0 
1 71 83 182 50 78 0 0 1 
22 91 60 53 118 180 0 2 2 
22 60 39 179 117 9 1 1 1 
79 29 71 200 61 182 0 2 2 
79 71 1 181 178 77 1 2 2 
15 23 31 158 73 16 0 1 1 
15 72 53 16 145 65 0 2 2 
99 42 41 79 103 195 1 1 1 
99 64 55 167 166 102 0 0 1 
67 19 47 42 120 188 0 2 2 
67 47 65 187 14 119 1 1 1 
43 39 13 131 13 31 1 2 2 
43 34 84 111 132 131 0 2 2 
66 38 24 94 66 96 0 2 1 
66 81 23 148 162 95 0 1 1 
35 26 78 165 129 194 1 2 2 
35 78 86 193 164 24 1 2 2 
41 25 99 170 167 185 1 1 1 
41 12 81 103 161 148 0 2 2 
6 18 57 23 137 198 1 0 2 
6 57 79 197 177 77 1 1 1 
45 63 87 64 144 100 1 1 1 
45 29 79 100 181 64 0 2 2 

