53
0.428826 -0.523959
-0.741877 0.004126
-0.570053 0.206312
0.199067 0.581364
-0.135765 -0.050920
0.517523 0.518337
-0.738376 0.079438
-0.285766 -0.243979
-0.276171 0.534691
-0.189490 -0.955164
0.523646 0.514164
-0.439803 -0.755351
0.077212 0.423057
-0.425015 -0.438948
0.066341 0.169275
0.323941 0.829855
0.221746 -0.035901
-0.502652 -0.763076
-0.578474 0.030906
-0.614423 -0.370972
-0.645860 -0.514905
0.127034 -0.665081
-0.052685 -0.327419
0.255307 0.808854
-0.343521 0.598797
-0.264447 0.461012
-0.501650 0.222949
-0.291256 -0.798087
-0.373966 0.191867
-0.897440 0.391276
-0.345634 -0.858471
0.236748 0.562341
-0.615661 -0.550457
-0.487342 0.620738
-0.233991 -0.625204
-0.439843 0.172150
0.676065 0.118754
-0.525339 -0.343671
-0.117405 0.979942
-0.264273 -0.398423
0.889998 0.137197
-0.076668 0.457402
-0.079252 0.274069
-0.240230 -0.560082
0.959815 0.160464
-0.830903 0.253600
0.007730 0.156651
-0.760186 -0.401253
-0.720907 0.612798
0.291449 -0.077614
3.177947 -1.920179
-0.176078 3.889165
-3.530102 -1.920179

0 1
50 51 52 -1 -1 -1 -1 -1 -1 -1 1 -1 

1 3
4 50 51 2 -1 1 1 -1 2 1 1 -1 
4 51 52 0 -1 2 1 -1 2 1 1 -1 
4 52 50 1 -1 0 1 -1 2 1 1 -1 

2 3
4 50 51 2 -1 1 1 -1 2 -1 1 -1 
4 51 52 0 -1 2 1 -1 2 -1 1 -1 
4 52 50 1 -1 0 1 -1 2 -1 1 -1 

3 9
44 4 50 8 4 7 1 0 2 1 1 -1 
29 4 51 6 8 5 1 0 2 1 1 -1 
9 4 52 4 6 3 1 0 2 1 1 -1 
9 52 50 2 -1 4 1 -1 2 1 1 -1 
9 50 4 3 0 2 1 0 2 1 1 -1 
29 51 52 1 -1 6 1 -1 2 1 1 -1 
29 52 4 5 2 1 1 0 2 1 1 -1 
44 50 51 0 -1 8 1 -1 2 1 1 -1 
44 51 4 7 1 0 1 0 2 1 1 -1 

4 9
44 4 9 1 2 4 0 2 1 1 1 -1 
29 4 44 2 0 8 0 2 1 1 1 -1 
9 4 29 0 1 6 0 2 1 1 1 -1 
9 52 50 6 -1 4 0 -1 2 1 1 -1 
9 50 44 3 7 0 1 2 1 1 1 -1 
29 51 52 8 -1 6 0 -1 2 1 1 -1 
29 52 9 5 3 2 1 2 1 1 1 -1 
44 50 51 4 -1 8 0 -1 2 1 1 -1 
44 51 29 7 5 1 1 2 1 1 1 -1 

5 9
44 4 9 1 2 4 0 2 1 -1 1 -1 
29 4 44 2 0 8 0 2 1 -1 1 -1 
9 4 29 0 1 6 0 2 1 -1 1 -1 
9 52 50 6 -1 4 0 -1 2 -1 1 -1 
9 50 44 3 7 0 1 2 1 -1 1 -1 
29 51 52 8 -1 6 0 -1 2 -1 1 -1 
29 52 9 5 3 2 1 2 1 -1 1 -1 
44 50 51 4 -1 8 0 -1 2 -1 1 -1 
44 51 29 7 5 1 1 2 1 -1 1 -1 

6 21
49 44 4 20 17 19 1 0 2 1 1 -1 
42 29 4 18 15 17 1 0 2 1 1 -1 
13 9 4 16 19 15 1 0 2 1 1 -1 
9 52 50 11 -1 4 0 -1 0 -1 1 -1 
0 9 50 14 3 13 1 1 2 1 1 -1 
29 51 52 9 -1 6 0 -1 0 -1 1 -1 
47 29 52 12 5 11 1 1 2 1 1 -1 
44 50 51 13 -1 8 0 -1 0 -1 1 -1 
38 44 51 10 7 9 1 1 2 1 1 -1 
38 51 29 8 5 10 1 2 2 1 1 -1 
38 29 44 9 18 8 1 0 2 1 1 -1 
47 52 9 6 3 12 1 2 2 1 1 -1 
47 9 29 11 16 6 1 0 2 1 1 -1 
0 50 44 4 7 14 1 2 2 1 1 -1 
0 44 9 13 20 4 1 0 2 1 1 -1 
13 4 29 2 1 16 1 0 2 1 1 -1 
13 29 9 15 12 2 1 0 2 1 1 -1 
42 4 44 1 0 18 1 0 2 1 1 -1 
42 44 29 17 10 1 1 0 2 1 1 -1 
49 4 9 0 2 20 1 0 2 1 1 -1 
49 9 44 19 14 0 1 0 2 1 1 -1 

7 21
49 44 42 14 18 17 0 2 1 1 1 -1 
42 29 4 10 15 17 0 0 2 1 1 -1 
13 9 49 12 20 19 0 2 1 1 1 -1 
9 52 50 11 -1 4 0 -1 0 -1 1 -1 
0 9 50 20 3 13 0 1 2 1 1 -1 
29 51 52 9 -1 6 0 -1 0 -1 1 -1 
47 29 52 16 5 11 0 1 2 1 1 -1 
44 50 51 13 -1 8 0 -1 0 -1 1 -1 
38 44 51 18 7 9 0 1 2 1 1 -1 
38 51 29 8 5 10 1 2 2 1 1 -1 
38 29 42 9 1 18 1 2 1 1 1 -1 
47 52 9 6 3 12 1 2 2 1 1 -1 
47 9 13 11 2 16 1 2 1 1 1 -1 
0 50 44 4 7 14 1 2 2 1 1 -1 
0 44 49 13 0 20 1 2 1 1 1 -1 
13 4 29 19 1 16 0 0 2 1 1 -1 
13 29 47 15 6 12 1 2 1 1 1 -1 
42 4 49 1 19 0 1 2 1 1 1 -1 
42 44 38 0 8 10 0 2 1 1 1 -1 
49 4 13 17 15 2 0 2 1 1 1 -1 
49 9 0 2 4 14 0 2 1 1 1 -1 

8 21
49 44 42 14 18 17 0 2 1 1 1 -1 
42 29 4 10 15 17 0 2 2 1 1 -1 
13 9 0 12 4 20 0 2 1 1 1 -1 
9 52 50 11 -1 4 0 -1 0 -1 1 -1 
0 9 50 2 3 13 0 1 2 1 1 -1 
29 51 52 9 -1 6 0 -1 0 -1 1 -1 
47 29 52 15 5 11 0 1 2 1 1 -1 
44 50 51 13 -1 8 0 -1 0 -1 1 -1 
38 44 51 18 7 9 0 1 2 1 1 -1 
38 51 29 8 5 10 1 2 2 1 1 -1 
38 29 42 9 1 18 1 2 1 1 1 -1 
47 52 9 6 3 12 1 2 2 1 1 -1 
47 9 13 11 2 16 1 2 2 1 1 -1 
0 50 44 4 7 14 1 2 2 1 1 -1 
0 44 49 13 0 20 1 2 2 1 1 -1 
4 29 47 1 6 16 0 2 1 2 1 -1 
47 13 4 12 19 15 1 0 1 0 1 -1 
42 4 49 1 19 0 1 2 1 1 1 -1 
42 44 38 0 8 10 0 2 1 1 1 -1 
49 4 13 17 16 20 0 0 0 1 1 -1 
0 49 13 14 19 2 1 1 1 0 1 -1 

9 21
49 44 42 14 18 17 0 2 1 1 1 -1 
42 29 4 10 15 17 0 2 2 1 1 -1 
13 9 0 12 4 19 0 2 0 1 1 -1 
9 52 50 11 -1 4 0 -1 0 -1 1 -1 
0 9 50 2 3 13 0 1 2 1 1 -1 
29 51 52 9 -1 6 0 -1 0 -1 1 -1 
47 29 52 15 5 11 0 1 2 1 1 -1 
44 50 51 13 -1 8 0 -1 0 -1 1 -1 
38 44 51 18 7 9 0 1 2 1 1 -1 
38 51 29 8 5 10 1 2 2 1 1 -1 
38 29 42 9 1 18 1 2 1 1 1 -1 
47 52 9 6 3 12 1 2 2 1 1 -1 
47 9 13 11 2 16 1 2 2 1 1 -1 
0 50 44 4 7 14 1 2 2 1 1 -1 
0 44 49 13 0 20 1 2 2 1 1 -1 
4 29 47 1 6 16 0 2 1 2 1 -1 
47 13 4 12 19 15 1 2 1 0 1 -1 
42 4 49 1 20 0 1 0 1 1 1 -1 
42 44 38 0 8 10 0 2 1 1 1 -1 
4 13 0 16 2 20 0 1 1 2 1 -1 
0 49 4 14 17 19 1 0 1 1 1 -1 

10 21
49 44 42 14 18 17 0 2 1 -1 1 -1 
42 29 4 10 15 17 0 2 2 -1 1 -1 
13 9 0 12 4 19 0 2 0 -1 1 -1 
9 52 50 11 -1 4 0 -1 0 -1 1 -1 
0 9 50 2 3 13 0 1 2 -1 1 -1 
29 51 52 9 -1 6 0 -1 0 -1 1 -1 
47 29 52 15 5 11 0 1 2 -1 1 -1 
44 50 51 13 -1 8 0 -1 0 -1 1 -1 
38 44 51 18 7 9 0 1 2 -1 1 -1 
38 51 29 8 5 10 1 2 2 -1 1 -1 
38 29 42 9 1 18 1 2 1 -1 1 -1 
47 52 9 6 3 12 1 2 2 -1 1 -1 
47 9 13 11 2 16 1 2 2 -1 1 -1 
0 50 44 4 7 14 1 2 2 -1 1 -1 
0 44 49 13 0 20 1 2 2 -1 1 -1 
4 29 47 1 6 16 0 2 1 -1 1 -1 
47 13 4 12 19 15 1 2 1 -1 1 -1 
42 4 49 1 20 0 1 0 1 -1 1 -1 
42 44 38 0 8 10 0 2 1 -1 1 -1 
4 13 0 16 2 20 0 1 1 -1 1 -1 
0 49 4 14 17 19 1 0 1 -1 1 -1 

11 47
36 49 44 46 14 45 1 0 2 1 1 -1 
26 42 29 44 35 43 1 0 2 1 1 -1 
21 13 9 42 31 41 1 0 2 1 1 -1 
9 52 50 33 -1 4 0 -1 0 -1 1 -1 
0 9 50 41 3 13 0 1 2 -1 1 -1 
29 51 52 37 -1 6 0 -1 0 -1 1 -1 
47 29 52 29 5 11 0 1 0 -1 1 -1 
44 50 51 13 -1 39 0 -1 0 -1 1 -1 
15 38 44 40 23 39 1 0 2 1 1 -1 
48 38 51 38 40 37 1 0 2 1 1 -1 
33 38 29 36 38 35 1 0 2 1 1 -1 
17 47 52 34 6 33 1 1 2 1 1 -1 
27 47 9 32 34 31 1 0 2 1 1 -1 
0 50 44 4 7 14 1 2 2 -1 1 -1 
0 44 49 13 0 20 1 0 2 -1 1 -1 
18 4 29 30 43 29 1 0 2 1 1 -1 
37 47 13 28 32 27 1 0 2 1 1 -1 
46 42 4 26 44 25 1 0 2 1 1 -1 
31 42 44 24 45 23 1 0 2 1 1 -1 
22 4 13 22 27 21 1 0 2 1 1 -1 
0 49 4 14 25 22 1 0 0 -1 1 -1 
22 13 0 19 42 22 1 0 2 1 1 -1 
22 0 4 21 20 19 1 1 2 1 1 -1 
31 44 38 18 8 24 1 0 2 1 1 -1 
31 38 42 23 36 18 1 0 2 1 1 -1 
46 4 49 17 20 26 1 0 2 1 1 -1 
46 49 42 25 46 17 1 0 2 1 1 -1 
37 13 4 16 19 28 1 0 2 1 1 -1 
37 4 47 27 30 16 1 0 2 1 1 -1 
18 29 47 15 6 30 1 2 2 1 1 -1 
18 47 4 29 28 15 1 0 2 1 1 -1 
27 9 13 12 2 32 1 0 2 1 1 -1 
27 13 47 31 16 12 1 0 2 1 1 -1 
17 52 9 11 3 34 1 2 2 1 1 -1 
17 9 47 33 12 11 1 0 2 1 1 -1 
33 29 42 10 1 36 1 0 2 1 1 -1 
33 42 38 35 24 10 1 0 2 1 1 -1 
48 51 29 9 5 38 1 2 2 1 1 -1 
48 29 38 37 10 9 1 0 2 1 1 -1 
15 44 51 8 7 40 1 1 2 1 1 -1 
15 51 38 39 9 8 1 0 2 1 1 -1 
21 9 0 2 4 42 1 2 2 1 1 -1 
21 0 13 41 21 2 1 0 2 1 1 -1 
26 29 4 1 15 44 1 0 2 1 1 -1 
26 4 42 43 17 1 1 0 2 1 1 -1 
36 44 42 0 18 46 1 0 2 1 1 -1 
36 42 49 45 26 0 1 0 2 1 1 -1 

12 47
36 49 0 26 22 14 0 0 1 1 1 -1 
26 42 33 44 36 35 1 2 1 1 1 -1 
21 13 27 21 32 31 0 2 1 1 1 -1 
9 52 50 33 -1 4 0 -1 0 -1 1 -1 
0 9 50 41 3 13 0 1 2 -1 1 -1 
29 51 52 37 -1 6 0 -1 0 -1 1 -1 
47 29 52 29 5 11 0 1 0 -1 1 -1 
44 50 51 13 -1 39 0 -1 0 -1 1 -1 
15 38 31 40 24 23 1 2 1 1 1 -1 
48 38 51 10 40 37 0 0 2 1 1 -1 
33 38 48 36 9 38 1 2 1 1 1 -1 
17 47 52 12 6 33 0 1 2 1 1 -1 
27 47 17 32 11 34 1 2 1 1 1 -1 
0 50 44 4 7 14 1 2 2 -1 1 -1 
0 44 36 13 45 0 1 2 1 1 1 -1 
18 4 26 28 44 43 0 2 1 1 1 -1 
37 47 13 30 32 27 0 0 2 1 1 -1 
46 42 4 46 44 25 0 0 2 1 1 -1 
31 42 36 24 46 45 1 2 1 1 1 -1 
22 4 13 20 27 21 0 0 2 1 1 -1 
49 4 22 25 19 22 0 2 1 2 1 -1 
22 13 21 19 2 42 1 2 1 1 1 -1 
22 0 49 42 0 20 0 0 1 1 1 -1 
31 44 15 45 39 8 0 2 1 1 1 -1 
31 38 42 8 36 18 0 0 2 1 1 -1 
46 4 49 17 20 26 1 2 2 1 1 -1 
46 49 36 25 0 46 1 2 1 1 1 -1 
37 13 4 16 19 28 1 0 2 1 1 -1 
37 4 18 27 15 30 1 2 1 1 1 -1 
18 29 47 43 6 30 0 2 2 1 1 -1 
18 47 37 29 16 28 1 2 1 1 1 -1 
27 9 21 34 41 2 0 2 1 1 1 -1 
27 13 47 2 16 12 0 0 2 1 1 -1 
17 52 9 11 3 34 1 2 2 1 1 -1 
17 9 27 33 31 12 1 2 1 1 1 -1 
33 29 26 38 43 1 0 2 1 1 1 -1 
33 42 38 1 24 10 0 0 2 1 1 -1 
48 51 29 9 5 38 1 2 2 1 1 -1 
48 29 33 37 35 10 1 2 1 1 1 -1 
15 44 51 23 7 40 0 1 2 1 1 -1 
15 51 38 39 9 8 1 0 2 1 1 -1 
21 9 0 31 4 42 0 2 2 1 1 -1 
21 0 22 41 22 21 1 2 1 1 1 -1 
26 29 18 35 29 15 0 2 1 1 1 -1 
26 4 42 15 17 1 0 0 2 1 1 -1 
36 44 31 14 23 18 0 2 1 1 1 -1 
36 42 46 18 17 26 0 2 1 1 1 -1 

13 47
36 49 0 26 22 14 0 0 1 1 1 -1 
26 42 33 44 36 35 1 2 2 1 1 -1 
27 21 22 31 42 21 1 1 1 0 1 -1 
9 52 50 33 -1 4 0 -1 0 -1 1 -1 
0 9 50 41 3 13 0 1 2 -1 1 -1 
29 51 52 37 -1 6 0 -1 0 -1 1 -1 
47 29 52 29 5 11 0 1 0 -1 1 -1 
44 50 51 13 -1 39 0 -1 0 -1 1 -1 
15 38 31 40 24 23 1 2 2 1 1 -1 
48 38 51 10 40 37 0 0 2 1 1 -1 
33 38 48 36 9 35 1 2 0 1 1 -1 
17 47 52 32 6 33 0 1 2 1 1 -1 
17 27 13 34 21 32 1 0 1 0 1 -1 
0 50 44 4 7 14 1 2 2 -1 1 -1 
0 44 36 13 45 0 1 2 1 1 1 -1 
18 4 26 28 44 43 0 2 1 1 1 -1 
37 47 13 30 32 27 0 2 2 1 1 -1 
46 42 4 18 44 25 0 0 2 1 1 -1 
31 42 46 24 17 46 1 2 1 1 1 -1 
22 4 13 20 27 21 0 0 2 1 1 -1 
49 4 22 25 19 22 0 2 1 2 1 -1 
22 13 27 19 12 2 1 0 1 1 1 -1 
22 0 49 42 0 20 0 0 1 1 1 -1 
15 31 36 8 46 45 1 0 1 0 1 -1 
31 38 42 8 36 18 0 0 2 1 1 -1 
46 4 49 17 20 26 1 2 2 1 1 -1 
46 49 36 25 0 46 1 2 2 1 1 -1 
37 13 4 16 19 28 1 0 2 1 1 -1 
37 4 18 27 15 30 1 2 1 1 1 -1 
18 29 47 43 6 30 0 2 2 1 1 -1 
18 47 37 29 16 28 1 2 1 1 1 -1 
27 9 21 34 41 2 0 2 2 1 1 -1 
13 47 17 16 11 12 0 2 1 2 1 -1 
17 52 9 11 3 34 1 2 2 1 1 -1 
17 9 27 33 31 12 1 2 2 1 1 -1 
26 33 48 1 10 38 1 1 1 0 1 -1 
33 42 38 1 24 10 0 0 2 1 1 -1 
48 51 29 9 5 38 1 2 2 1 1 -1 
48 29 26 37 43 35 1 2 1 1 1 -1 
15 44 51 45 7 40 0 1 2 1 1 -1 
15 51 38 39 9 8 1 0 2 1 1 -1 
21 9 0 31 4 42 0 2 2 1 1 -1 
21 0 22 41 22 2 1 2 0 1 1 -1 
26 29 18 38 29 15 0 2 1 1 1 -1 
26 4 42 15 17 1 0 0 2 1 1 -1 
36 44 15 14 39 23 0 2 1 1 1 -1 
46 36 31 26 23 18 1 0 1 0 1 -1 

14 47
36 49 0 26 22 14 2 0 1 1 1 -1 
26 42 33 44 36 35 1 2 2 1 1 -1 
27 21 22 31 42 21 1 1 1 0 1 -1 
9 52 50 33 -1 4 0 -1 0 -1 1 -1 
0 9 50 41 3 13 0 1 2 -1 1 -1 
29 51 52 37 -1 6 0 -1 0 -1 1 -1 
47 29 52 29 5 11 0 1 0 -1 1 -1 
44 50 51 13 -1 39 0 -1 0 -1 1 -1 
15 38 31 40 24 23 1 2 2 1 1 -1 
48 38 51 10 40 37 0 0 2 1 1 -1 
33 38 48 36 9 35 1 2 0 1 1 -1 
17 47 52 32 6 33 0 1 2 1 1 -1 
17 27 13 34 21 32 1 0 1 0 1 -1 
0 50 44 4 7 14 1 2 2 -1 1 -1 
0 44 36 13 45 0 1 2 1 1 1 -1 
18 4 26 28 44 43 0 2 1 1 1 -1 
37 47 13 30 32 27 0 2 2 1 1 -1 
46 42 4 18 44 25 0 0 2 1 1 -1 
31 42 46 24 17 46 1 2 2 1 1 -1 
22 4 13 20 27 21 0 0 2 1 1 -1 
49 4 22 25 19 22 0 2 1 2 1 -1 
22 13 27 19 12 2 1 0 1 1 1 -1 
22 0 49 42 0 20 0 0 1 1 1 -1 
15 31 36 8 26 45 1 0 1 0 1 -1 
31 38 42 8 36 18 0 0 2 1 1 -1 
46 4 49 17 20 46 1 2 0 1 1 -1 
49 36 31 0 23 46 2 0 1 2 1 -1 
37 13 4 16 19 28 1 0 2 1 1 -1 
37 4 18 27 15 30 1 2 1 1 1 -1 
18 29 47 43 6 30 0 2 2 1 1 -1 
18 47 37 29 16 28 1 2 1 1 1 -1 
27 9 21 34 41 2 0 2 2 1 1 -1 
13 47 17 16 11 12 0 2 1 2 1 -1 
17 52 9 11 3 34 1 2 2 1 1 -1 
17 9 27 33 31 12 1 2 2 1 1 -1 
26 33 48 1 10 38 1 1 1 0 1 -1 
33 42 38 1 24 10 0 0 2 1 1 -1 
48 51 29 9 5 38 1 2 2 1 1 -1 
48 29 26 37 43 35 1 2 1 1 1 -1 
15 44 51 45 7 40 0 1 2 1 1 -1 
15 51 38 39 9 8 1 0 2 1 1 -1 
21 9 0 31 4 42 0 2 2 1 1 -1 
21 0 22 41 22 2 1 2 0 1 1 -1 
26 29 18 38 29 15 0 2 1 1 1 -1 
26 4 42 15 17 1 0 0 2 1 1 -1 
36 44 15 14 39 23 0 2 1 1 1 -1 
31 46 49 18 25 26 1 1 1 0 1 -1 

15 47
36 49 0 26 22 14 2 0 1 -1 1 -1 
26 42 33 44 36 35 1 2 2 -1 1 -1 
27 21 22 31 42 21 1 1 1 -1 1 -1 
9 52 50 33 -1 4 0 -1 0 -1 1 -1 
0 9 50 41 3 13 0 1 2 -1 1 -1 
29 51 52 37 -1 6 0 -1 0 -1 1 -1 
47 29 52 29 5 11 0 1 0 -1 1 -1 
44 50 51 13 -1 39 0 -1 0 -1 1 -1 
15 38 31 40 24 23 1 2 2 -1 1 -1 
48 38 51 10 40 37 0 0 2 -1 1 -1 
33 38 48 36 9 35 1 2 0 -1 1 -1 
17 47 52 32 6 33 0 1 2 -1 1 -1 
17 27 13 34 21 32 1 0 1 -1 1 -1 
0 50 44 4 7 14 1 2 2 -1 1 -1 
0 44 36 13 45 0 1 2 1 -1 1 -1 
18 4 26 28 44 43 0 2 1 -1 1 -1 
37 47 13 30 32 27 0 2 2 -1 1 -1 
46 42 4 18 44 25 0 0 2 -1 1 -1 
31 42 46 24 17 46 1 2 2 -1 1 -1 
22 4 13 20 27 21 0 0 2 -1 1 -1 
49 4 22 25 19 22 0 2 1 -1 1 -1 
22 13 27 19 12 2 1 0 1 -1 1 -1 
22 0 49 42 0 20 0 0 1 -1 1 -1 
15 31 36 8 26 45 1 0 1 -1 1 -1 
31 38 42 8 36 18 0 0 2 -1 1 -1 
46 4 49 17 20 46 1 2 0 -1 1 -1 
49 36 31 0 23 46 2 0 1 -1 1 -1 
37 13 4 16 19 28 1 0 2 -1 1 -1 
37 4 18 27 15 30 1 2 1 -1 1 -1 
18 29 47 43 6 30 0 2 2 -1 1 -1 
18 47 37 29 16 28 1 2 1 -1 1 -1 
27 9 21 34 41 2 0 2 2 -1 1 -1 
13 47 17 16 11 12 0 2 1 -1 1 -1 
17 52 9 11 3 34 1 2 2 -1 1 -1 
17 9 27 33 31 12 1 2 2 -1 1 -1 
26 33 48 1 10 38 1 1 1 -1 1 -1 
33 42 38 1 24 10 0 0 2 -1 1 -1 
48 51 29 9 5 38 1 2 2 -1 1 -1 
48 29 26 37 43 35 1 2 1 -1 1 -1 
15 44 51 45 7 40 0 1 2 -1 1 -1 
15 51 38 39 9 8 1 0 2 -1 1 -1 
21 9 0 31 4 42 0 2 2 -1 1 -1 
21 0 22 41 22 2 1 2 0 -1 1 -1 
26 29 18 38 29 15 0 2 1 -1 1 -1 
26 4 42 15 17 1 0 0 2 -1 1 -1 
36 44 15 14 39 23 0 2 1 -1 1 -1 
31 46 49 18 25 26 1 1 1 -1 1 -1 

16 81
36 49 0 26 22 76 2 0 0 -1 1 -1 
26 42 33 52 36 35 0 0 2 -1 1 -1 
27 21 22 31 42 70 1 1 0 -1 1 -1 
9 52 50 33 -1 4 0 -1 0 -1 1 -1 
0 9 50 41 3 13 0 1 2 -1 1 -1 
29 51 52 37 -1 6 0 -1 0 -1 1 -1 
47 29 52 61 5 11 0 1 0 -1 1 -1 
44 50 51 13 -1 39 0 -1 0 -1 1 -1 
23 15 38 80 40 79 1 1 2 1 1 -1 
48 38 51 10 40 37 0 0 2 -1 1 -1 
33 38 48 56 9 35 0 2 0 -1 1 -1 
17 47 52 59 6 33 0 1 2 -1 1 -1 
11 17 27 78 58 77 1 0 2 1 1 -1 
0 50 44 4 7 14 1 2 0 -1 1 -1 
40 0 44 76 13 75 1 1 2 1 1 -1 
35 18 4 74 28 73 1 0 2 1 1 -1 
19 37 47 72 30 71 1 0 2 1 1 -1 
46 42 4 18 51 25 0 0 0 -1 1 -1 
31 42 46 68 17 46 0 2 0 -1 1 -1 
22 4 13 20 63 21 0 0 0 -1 1 -1 
49 4 22 65 19 22 0 2 1 -1 1 -1 
43 22 13 70 19 69 1 1 2 1 1 -1 
22 0 49 42 0 20 0 0 1 -1 1 -1 
15 31 36 80 26 50 0 0 0 -1 1 -1 
41 31 38 68 79 67 1 0 2 1 1 -1 
16 46 4 66 17 65 1 1 2 1 1 -1 
49 36 31 0 23 48 2 0 0 -1 1 -1 
7 37 13 64 72 63 1 0 2 1 1 -1 
37 4 18 64 15 30 0 0 1 -1 1 -1 
1 18 29 62 53 61 1 0 2 1 1 -1 
18 47 37 62 16 28 0 0 1 -1 1 -1 
27 9 21 57 41 2 0 2 2 -1 1 -1 
32 13 47 60 71 59 1 0 2 1 1 -1 
17 52 9 11 3 34 1 2 0 -1 1 -1 
30 17 9 58 33 57 1 1 2 1 1 -1 
26 33 48 1 10 38 1 1 1 -1 1 -1 
8 33 42 56 1 55 1 0 2 1 1 -1 
48 51 29 9 5 38 1 2 2 -1 1 -1 
48 29 26 37 43 35 1 0 1 -1 1 -1 
15 44 51 49 7 40 0 1 2 -1 1 -1 
15 51 38 39 9 8 1 0 0 -1 1 -1 
21 9 0 31 4 42 0 2 2 -1 1 -1 
21 0 22 41 22 2 1 2 0 -1 1 -1 
2 26 29 54 38 53 1 0 2 1 1 -1 
28 26 4 52 73 51 1 0 2 1 1 -1 
10 36 44 50 75 49 1 0 2 1 1 -1 
14 31 46 48 18 47 1 1 2 1 1 -1 
14 46 49 46 66 48 1 0 2 1 1 -1 
14 49 31 47 26 46 1 1 2 1 1 -1 
10 44 15 45 39 50 1 2 2 1 1 -1 
10 15 36 49 23 45 1 1 2 1 1 -1 
28 4 42 44 17 52 1 0 2 1 1 -1 
28 42 26 51 1 44 1 2 2 1 1 -1 
2 29 18 43 29 54 1 0 2 1 1 -1 
2 18 26 53 74 43 1 0 2 1 1 -1 
8 42 38 36 67 56 1 0 2 1 1 -1 
8 38 33 55 10 36 1 2 2 1 1 -1 
30 9 27 34 31 58 1 2 2 1 1 -1 
30 27 17 57 12 34 1 0 2 1 1 -1 
32 47 17 32 11 60 1 2 2 1 1 -1 
32 17 13 59 78 32 1 0 2 1 1 -1 
1 29 47 29 6 62 1 2 2 1 1 -1 
1 47 18 61 30 29 1 2 2 1 1 -1 
7 13 4 27 19 64 1 0 2 1 1 -1 
7 4 37 63 28 27 1 2 2 1 1 -1 
16 4 49 25 20 66 1 2 2 1 1 -1 
16 49 46 65 47 25 1 0 2 1 1 -1 
41 38 42 24 55 68 1 0 2 1 1 -1 
41 42 31 67 18 24 1 2 2 1 1 -1 
43 13 27 21 77 70 1 0 2 1 1 -1 
43 27 22 69 2 21 1 1 2 1 1 -1 
19 47 13 16 32 72 1 0 2 1 1 -1 
19 13 37 71 27 16 1 0 2 1 1 -1 
35 4 26 15 44 74 1 0 2 1 1 -1 
35 26 18 73 54 15 1 0 2 1 1 -1 
40 44 36 14 45 76 1 0 2 1 1 -1 
40 36 0 75 0 14 1 1 2 1 1 -1 
11 27 13 12 69 78 1 0 2 1 1 -1 
11 13 17 77 60 12 1 0 2 1 1 -1 
23 38 31 8 24 80 1 0 2 1 1 -1 
23 31 15 79 23 8 1 2 2 1 1 -1 

17 81
36 49 0 48 22 76 0 0 0 -1 1 -1 
33 26 28 35 44 52 2 2 1 0 1 -1 
21 22 43 42 21 70 1 2 1 2 1 -1 
9 52 50 33 -1 4 2 -1 0 -1 1 -1 
0 9 50 41 3 13 0 1 2 -1 1 -1 
29 51 52 37 -1 6 0 -1 0 -1 1 -1 
47 29 52 61 5 11 0 1 0 -1 1 -1 
44 50 51 13 -1 39 0 -1 0 -1 1 -1 
23 15 38 80 40 79 1 1 2 1 1 -1 
48 38 51 10 40 37 0 0 2 -1 1 -1 
33 38 48 56 9 35 0 2 0 -1 1 -1 
17 47 52 59 6 34 0 1 0 -1 1 -1 
11 17 30 60 34 58 0 2 1 1 1 -1 
0 50 44 4 7 14 1 2 0 -1 1 -1 
40 0 44 76 13 75 1 1 2 1 1 -1 
35 18 4 54 64 73 0 0 2 1 1 -1 
19 37 18 72 28 30 1 2 1 1 1 -1 
46 42 4 18 51 25 2 0 0 -1 1 -1 
42 46 14 17 47 46 2 2 1 2 1 -1 
22 4 7 65 64 63 0 2 1 1 1 -1 
22 49 16 22 66 65 1 2 1 0 1 -1 
43 22 13 2 63 69 0 0 2 1 1 -1 
22 0 49 42 0 20 0 0 2 -1 1 -1 
31 36 10 26 45 50 2 2 1 2 1 -1 
41 31 23 68 80 79 1 2 1 1 1 -1 
16 46 4 47 17 65 0 1 2 1 1 -1 
36 31 14 23 46 48 2 2 1 2 1 -1 
7 37 13 28 72 63 0 0 2 1 1 -1 
18 37 7 16 27 64 0 2 1 0 1 -1 
1 18 2 62 54 53 1 2 1 1 1 -1 
18 47 19 62 71 16 0 2 1 1 1 -1 
27 9 21 57 41 70 0 2 0 -1 1 -1 
32 13 19 78 72 71 0 2 1 1 1 -1 
52 9 30 3 57 34 2 2 1 2 1 -1 
30 17 52 12 11 33 0 1 1 1 1 -1 
26 33 48 1 10 43 2 1 0 -1 1 -1 
8 33 42 56 52 55 1 0 2 1 1 -1 
48 51 29 9 5 38 1 2 2 -1 1 -1 
48 29 2 37 53 43 1 2 1 1 1 -1 
15 44 51 49 7 40 0 1 2 -1 1 -1 
15 51 38 39 9 8 1 0 0 -1 1 -1 
21 9 0 31 4 42 0 2 2 -1 1 -1 
21 0 22 41 22 2 1 2 2 -1 1 -1 
2 26 48 74 35 38 0 1 1 1 1 -1 
28 26 35 1 74 73 0 2 1 1 1 -1 
10 36 40 23 76 75 0 2 1 1 1 -1 
14 31 42 26 68 18 0 0 1 1 1 -1 
14 46 16 18 25 66 0 2 1 1 1 -1 
14 49 36 66 0 26 0 2 1 1 1 -1 
10 44 15 75 39 50 0 2 2 1 1 -1 
10 15 31 49 80 23 1 0 1 1 1 -1 
28 4 42 73 17 52 0 0 2 1 1 -1 
28 42 33 51 36 1 1 0 1 1 1 -1 
2 29 1 38 61 29 0 2 1 1 1 -1 
2 18 35 29 15 74 0 2 1 1 1 -1 
8 42 41 36 68 67 1 2 1 1 1 -1 
8 38 33 67 10 36 0 2 2 1 1 -1 
30 9 27 33 31 58 0 2 2 1 1 -1 
30 27 11 57 77 12 1 2 1 1 1 -1 
32 47 17 71 11 60 0 2 2 1 1 -1 
32 17 11 59 12 78 1 2 1 1 1 -1 
1 29 47 53 6 62 0 2 2 1 1 -1 
1 47 18 61 30 29 1 2 2 1 1 -1 
7 13 22 27 21 19 1 0 1 1 1 -1 
7 4 18 19 15 28 0 0 1 1 1 -1 
16 4 22 25 19 20 1 2 1 1 1 -1 
16 49 14 20 48 47 0 2 1 1 1 -1 
41 38 8 79 56 55 0 2 1 1 1 -1 
41 42 31 55 46 24 0 0 2 1 1 -1 
43 13 11 21 78 77 1 2 1 1 1 -1 
43 27 21 77 31 2 0 1 1 1 1 -1 
19 47 32 30 59 32 0 2 1 1 1 -1 
19 13 37 32 27 16 0 0 2 1 1 -1 
35 4 28 15 51 44 1 2 1 1 1 -1 
35 26 2 44 43 54 0 2 1 1 1 -1 
40 44 10 14 49 45 1 2 1 1 1 -1 
40 36 0 45 0 14 0 1 2 1 1 -1 
11 27 43 58 70 69 0 2 1 1 1 -1 
11 13 32 69 32 60 0 2 1 1 1 -1 
23 38 41 8 67 24 1 2 1 1 1 -1 
23 31 15 24 50 8 0 0 2 1 1 -1 

18 81
36 49 0 66 22 76 0 0 0 -1 1 -1 
33 26 28 43 44 36 0 2 0 0 1 -1 
21 22 43 42 21 70 1 2 1 2 1 -1 
9 52 50 33 -1 4 2 -1 0 -1 1 -1 
0 9 50 41 3 13 0 1 2 -1 1 -1 
29 51 52 37 -1 6 0 -1 0 -1 1 -1 
47 29 52 61 5 11 0 1 0 -1 1 -1 
44 50 51 13 -1 39 0 -1 0 -1 1 -1 
23 15 38 80 40 79 1 1 2 1 1 -1 
48 38 51 10 40 37 0 0 2 -1 1 -1 
33 38 48 56 9 35 0 2 2 -1 1 -1 
17 47 52 59 6 34 0 1 0 -1 1 -1 
11 17 30 60 34 58 0 2 1 1 1 -1 
0 50 44 4 7 14 1 2 0 -1 1 -1 
40 0 44 76 13 75 1 1 2 1 1 -1 
35 18 7 54 28 64 0 1 1 1 1 -1 
19 37 18 72 28 30 1 2 2 1 1 -1 
46 42 4 18 51 25 2 0 0 -1 1 -1 
42 46 14 17 47 68 2 2 0 2 1 -1 
22 4 7 65 64 21 0 2 0 1 1 -1 
22 49 16 22 66 65 1 2 1 0 1 -1 
43 22 7 2 19 63 0 1 1 1 1 -1 
22 0 49 42 0 20 0 0 2 -1 1 -1 
10 31 14 50 46 26 1 2 1 0 1 -1 
41 31 23 46 80 79 0 2 1 1 1 -1 
16 46 4 47 17 65 0 1 2 1 1 -1 
14 36 10 48 45 23 2 2 1 0 1 -1 
7 37 13 28 72 63 0 0 2 1 1 -1 
18 37 7 16 27 15 0 2 0 0 1 -1 
1 18 2 30 54 53 0 2 1 1 1 -1 
19 18 1 16 29 62 1 2 1 0 1 -1 
27 9 21 57 41 70 0 2 0 -1 1 -1 
32 13 19 78 72 71 0 2 1 1 1 -1 
52 9 30 3 57 34 2 2 1 2 1 -1 
30 17 52 12 11 33 0 1 1 1 1 -1 
33 48 2 10 38 43 1 1 1 2 1 -1 
8 33 28 56 1 52 1 1 1 1 1 -1 
48 51 29 9 5 38 1 2 2 -1 1 -1 
48 29 2 37 53 35 1 2 0 1 1 -1 
15 44 51 49 7 40 0 1 2 -1 1 -1 
15 51 38 39 9 8 1 0 0 -1 1 -1 
21 9 0 31 4 42 0 2 2 -1 1 -1 
21 0 22 41 22 2 1 2 2 -1 1 -1 
2 26 33 74 1 35 0 2 1 1 1 -1 
28 26 35 1 74 73 0 2 1 1 1 -1 
10 36 40 26 76 75 0 2 1 1 1 -1 
14 31 41 23 24 68 0 2 1 1 1 -1 
14 46 16 18 25 48 0 2 0 1 1 -1 
36 14 16 26 47 66 2 1 1 0 1 -1 
10 44 15 75 39 50 0 2 2 1 1 -1 
10 15 31 49 80 23 1 0 2 1 1 -1 
28 4 42 73 17 52 0 0 2 1 1 -1 
28 42 8 51 55 36 1 2 1 1 1 -1 
2 29 1 38 61 29 0 2 1 1 1 -1 
2 18 35 29 15 74 0 2 1 1 1 -1 
8 42 41 52 68 67 0 2 1 1 1 -1 
8 38 33 67 10 36 0 2 2 1 1 -1 
30 9 27 33 31 58 0 2 2 1 1 -1 
30 27 11 57 77 12 1 2 1 1 1 -1 
32 47 17 71 11 60 0 2 2 1 1 -1 
32 17 11 59 12 78 1 2 1 1 1 -1 
1 29 47 53 6 62 0 2 2 1 1 -1 
1 47 19 61 71 30 1 2 1 1 1 -1 
7 13 43 27 69 21 1 2 1 1 1 -1 
7 4 35 19 73 15 0 2 1 1 1 -1 
16 4 22 25 19 20 1 2 1 1 1 -1 
16 49 36 20 0 48 0 2 1 1 1 -1 
41 38 8 79 56 55 0 2 1 1 1 -1 
41 42 14 55 18 46 0 1 1 1 1 -1 
43 13 11 63 78 77 0 2 1 1 1 -1 
43 27 21 77 31 2 0 1 1 1 1 -1 
19 47 32 62 59 32 0 2 1 1 1 -1 
19 13 37 32 27 16 0 0 2 1 1 -1 
35 4 28 64 51 44 0 2 1 1 1 -1 
35 26 2 44 43 54 0 2 1 1 1 -1 
40 44 10 14 49 45 1 2 1 1 1 -1 
40 36 0 45 0 14 0 1 2 1 1 -1 
11 27 43 58 70 69 0 2 1 1 1 -1 
11 13 32 69 32 60 0 2 1 1 1 -1 
23 38 41 8 67 24 1 2 1 1 1 -1 
23 31 15 24 50 8 0 0 2 1 1 -1 

19 81
36 49 0 66 22 76 0 0 0 -1 1 -1 
26 28 8 44 52 36 2 1 1 2 1 -1 
21 22 43 42 21 70 1 2 1 2 1 -1 
9 52 50 33 -1 4 2 -1 0 -1 1 -1 
0 9 50 41 3 13 0 1 2 -1 1 -1 
29 51 52 37 -1 6 0 -1 0 -1 1 -1 
47 29 52 61 5 11 0 1 0 -1 1 -1 
44 50 51 13 -1 39 0 -1 0 -1 1 -1 
23 15 38 80 40 79 1 1 2 1 1 -1 
48 38 51 10 40 37 0 0 2 -1 1 -1 
33 38 48 56 9 35 0 2 2 -1 1 -1 
17 47 52 59 6 34 0 1 0 -1 1 -1 
11 17 30 60 34 58 0 2 1 1 1 -1 
0 50 44 4 7 14 1 2 0 -1 1 -1 
40 0 44 76 13 75 1 1 2 1 1 -1 
35 18 7 54 28 64 0 1 1 1 1 -1 
19 37 18 72 28 30 1 2 2 1 1 -1 
46 42 4 18 51 25 2 0 0 -1 1 -1 
42 46 14 17 47 68 2 2 0 2 1 -1 
22 4 7 65 64 21 0 2 0 1 1 -1 
22 49 16 22 66 65 1 2 1 0 1 -1 
43 22 7 2 19 63 0 1 1 1 1 -1 
22 0 49 42 0 20 0 0 2 -1 1 -1 
10 31 14 50 46 26 1 2 2 0 1 -1 
41 31 23 46 80 79 0 2 1 1 1 -1 
16 46 4 47 17 65 0 1 2 1 1 -1 
10 14 16 23 47 48 1 1 1 0 1 -1 
7 37 13 28 72 63 0 0 2 1 1 -1 
18 37 7 16 27 15 0 2 0 0 1 -1 
1 18 2 30 54 53 0 2 1 1 1 -1 
19 18 1 16 29 62 1 2 1 0 1 -1 
27 9 21 57 41 70 0 2 0 -1 1 -1 
32 13 19 78 72 71 0 2 1 1 1 -1 
52 9 30 3 57 34 2 2 1 2 1 -1 
30 17 52 12 11 33 0 1 1 1 1 -1 
33 48 2 10 38 43 1 1 1 2 1 -1 
8 33 26 56 43 1 1 0 1 1 1 -1 
48 51 29 9 5 38 1 2 2 -1 1 -1 
48 29 2 37 53 35 1 2 0 1 1 -1 
15 44 51 49 7 40 0 1 2 -1 1 -1 
15 51 38 39 9 8 1 0 0 -1 1 -1 
21 9 0 31 4 42 0 2 2 -1 1 -1 
21 0 22 41 22 2 1 2 2 -1 1 -1 
2 26 33 74 36 35 0 0 1 1 1 -1 
28 26 35 1 74 73 2 2 1 1 1 -1 
10 36 40 48 76 75 0 2 1 1 1 -1 
14 31 41 23 24 68 0 2 1 1 1 -1 
14 46 16 18 25 26 0 2 0 1 1 -1 
16 36 10 66 45 26 1 2 1 0 1 -1 
10 44 15 75 39 50 0 2 2 1 1 -1 
10 15 31 49 80 23 1 0 2 1 1 -1 
28 4 42 73 17 52 0 0 2 1 1 -1 
28 42 8 51 55 1 1 2 0 1 1 -1 
2 29 1 38 61 29 0 2 1 1 1 -1 
2 18 35 29 15 74 0 2 1 1 1 -1 
8 42 41 52 68 67 0 2 1 1 1 -1 
8 38 33 67 10 36 0 2 2 1 1 -1 
30 9 27 33 31 58 0 2 2 1 1 -1 
30 27 11 57 77 12 1 2 1 1 1 -1 
32 47 17 71 11 60 0 2 2 1 1 -1 
32 17 11 59 12 78 1 2 1 1 1 -1 
1 29 47 53 6 62 0 2 2 1 1 -1 
1 47 19 61 71 30 1 2 1 1 1 -1 
7 13 43 27 69 21 1 2 1 1 1 -1 
7 4 35 19 73 15 0 2 1 1 1 -1 
16 4 22 25 19 20 1 2 1 1 1 -1 
16 49 36 20 0 48 0 2 2 1 1 -1 
41 38 8 79 56 55 0 2 1 1 1 -1 
41 42 14 55 18 46 0 1 1 1 1 -1 
43 13 11 63 78 77 0 2 1 1 1 -1 
43 27 21 77 31 2 0 1 1 1 1 -1 
19 47 32 62 59 32 0 2 1 1 1 -1 
19 13 37 32 27 16 0 0 2 1 1 -1 
35 4 28 64 51 44 0 2 1 1 1 -1 
35 26 2 44 43 54 0 2 1 1 1 -1 
40 44 10 14 49 45 1 2 1 1 1 -1 
40 36 0 45 0 14 0 1 2 1 1 -1 
11 27 43 58 70 69 0 2 1 1 1 -1 
11 13 32 69 32 60 0 2 1 1 1 -1 
23 38 41 8 67 24 1 2 1 1 1 -1 
23 31 15 24 50 8 0 0 2 1 1 -1 

20 81
36 49 0 66 22 76 0 0 0 -1 1 -1 
26 28 8 44 52 36 2 1 1 -1 1 -1 
21 22 43 42 21 70 1 2 1 -1 1 -1 
9 52 50 33 -1 4 2 -1 0 -1 1 -1 
0 9 50 41 3 13 0 1 2 -1 1 -1 
29 51 52 37 -1 6 0 -1 0 -1 1 -1 
47 29 52 61 5 11 0 1 0 -1 1 -1 
44 50 51 13 -1 39 0 -1 0 -1 1 -1 
23 15 38 80 40 79 1 1 2 -1 1 -1 
48 38 51 10 40 37 0 0 2 -1 1 -1 
33 38 48 56 9 35 0 2 2 -1 1 -1 
17 47 52 59 6 34 0 1 0 -1 1 -1 
11 17 30 60 34 58 0 2 1 -1 1 -1 
0 50 44 4 7 14 1 2 0 -1 1 -1 
40 0 44 76 13 75 1 1 2 -1 1 -1 
35 18 7 54 28 64 0 1 1 -1 1 -1 
19 37 18 72 28 30 1 2 2 -1 1 -1 
46 42 4 18 51 25 2 0 0 -1 1 -1 
42 46 14 17 47 68 2 2 0 -1 1 -1 
22 4 7 65 64 21 0 2 0 -1 1 -1 
22 49 16 22 66 65 1 2 1 -1 1 -1 
43 22 7 2 19 63 0 1 1 -1 1 -1 
22 0 49 42 0 20 0 0 2 -1 1 -1 
10 31 14 50 46 26 1 2 2 -1 1 -1 
41 31 23 46 80 79 0 2 1 -1 1 -1 
16 46 4 47 17 65 0 1 2 -1 1 -1 
10 14 16 23 47 48 1 1 1 -1 1 -1 
7 37 13 28 72 63 0 0 2 -1 1 -1 
18 37 7 16 27 15 0 2 0 -1 1 -1 
1 18 2 30 54 53 0 2 1 -1 1 -1 
19 18 1 16 29 62 1 2 1 -1 1 -1 
27 9 21 57 41 70 0 2 0 -1 1 -1 
32 13 19 78 72 71 0 2 1 -1 1 -1 
52 9 30 3 57 34 2 2 1 -1 1 -1 
30 17 52 12 11 33 0 1 1 -1 1 -1 
33 48 2 10 38 43 1 1 1 -1 1 -1 
8 33 26 56 43 1 1 0 1 -1 1 -1 
48 51 29 9 5 38 1 2 2 -1 1 -1 
48 29 2 37 53 35 1 2 0 -1 1 -1 
15 44 51 49 7 40 0 1 2 -1 1 -1 
15 51 38 39 9 8 1 0 0 -1 1 -1 
21 9 0 31 4 42 0 2 2 -1 1 -1 
21 0 22 41 22 2 1 2 2 -1 1 -1 
2 26 33 74 36 35 0 0 1 -1 1 -1 
28 26 35 1 74 73 2 2 1 -1 1 -1 
10 36 40 48 76 75 0 2 1 -1 1 -1 
14 31 41 23 24 68 0 2 1 -1 1 -1 
14 46 16 18 25 26 0 2 0 -1 1 -1 
16 36 10 66 45 26 1 2 1 -1 1 -1 
10 44 15 75 39 50 0 2 2 -1 1 -1 
10 15 31 49 80 23 1 0 2 -1 1 -1 
28 4 42 73 17 52 0 0 2 -1 1 -1 
28 42 8 51 55 1 1 2 0 -1 1 -1 
2 29 1 38 61 29 0 2 1 -1 1 -1 
2 18 35 29 15 74 0 2 1 -1 1 -1 
8 42 41 52 68 67 0 2 1 -1 1 -1 
8 38 33 67 10 36 0 2 2 -1 1 -1 
30 9 27 33 31 58 0 2 2 -1 1 -1 
30 27 11 57 77 12 1 2 1 -1 1 -1 
32 47 17 71 11 60 0 2 2 -1 1 -1 
32 17 11 59 12 78 1 2 1 -1 1 -1 
1 29 47 53 6 62 0 2 2 -1 1 -1 
1 47 19 61 71 30 1 2 1 -1 1 -1 
7 13 43 27 69 21 1 2 1 -1 1 -1 
7 4 35 19 73 15 0 2 1 -1 1 -1 
16 4 22 25 19 20 1 2 1 -1 1 -1 
16 49 36 20 0 48 0 2 2 -1 1 -1 
41 38 8 79 56 55 0 2 1 -1 1 -1 
41 42 14 55 18 46 0 1 1 -1 1 -1 
43 13 11 63 78 77 0 2 1 -1 1 -1 
43 27 21 77 31 2 0 1 1 -1 1 -1 
19 47 32 62 59 32 0 2 1 -1 1 -1 
19 13 37 32 27 16 0 0 2 -1 1 -1 
35 4 28 64 51 44 0 2 1 -1 1 -1 
35 26 2 44 43 54 0 2 1 -1 1 -1 
40 44 10 14 49 45 1 2 1 -1 1 -1 
40 36 0 45 0 14 0 1 2 -1 1 -1 
11 27 43 58 70 69 0 2 1 -1 1 -1 
11 13 32 69 32 60 0 2 1 -1 1 -1 
23 38 41 8 67 24 1 2 1 -1 1 -1 
23 31 15 24 50 8 0 0 2 -1 1 -1 

21 99
36 49 0 66 22 76 0 0 0 -1 1 -1 
26 28 8 44 92 36 2 0 1 -1 1 -1 
21 22 43 42 21 84 1 2 0 -1 1 -1 
9 52 50 33 -1 4 2 -1 0 -1 1 -1 
0 9 50 41 3 13 0 1 2 -1 1 -1 
29 51 52 37 -1 6 0 -1 0 -1 1 -1 
47 29 52 61 5 11 0 1 0 -1 1 -1 
44 50 51 13 -1 39 0 -1 0 -1 1 -1 
23 15 38 80 40 79 1 1 2 -1 1 -1 
48 38 51 10 40 37 0 0 2 -1 1 -1 
33 38 48 87 9 35 0 2 2 -1 1 -1 
17 47 52 59 6 34 0 1 0 -1 1 -1 
11 17 30 60 34 58 0 2 1 -1 1 -1 
0 50 44 4 7 14 1 2 0 -1 1 -1 
40 0 44 76 13 75 1 1 2 -1 1 -1 
35 18 7 54 28 64 0 1 1 -1 1 -1 
19 37 18 72 28 30 1 2 2 -1 1 -1 
46 42 4 18 51 25 2 0 0 -1 1 -1 
42 46 14 17 47 68 2 2 0 -1 1 -1 
22 4 7 65 64 21 0 2 0 -1 1 -1 
22 49 16 22 66 65 1 2 1 -1 1 -1 
43 22 7 2 19 86 0 1 0 -1 1 -1 
22 0 49 42 0 20 0 0 2 -1 1 -1 
10 31 14 94 46 26 0 0 2 -1 1 -1 
3 41 31 98 95 97 1 0 2 1 1 -1 
16 46 4 47 17 65 0 1 2 -1 1 -1 
10 14 16 23 47 48 1 1 1 -1 1 -1 
7 37 13 28 72 63 0 0 0 -1 1 -1 
18 37 7 16 27 15 0 2 0 -1 1 -1 
1 18 2 30 54 90 0 2 0 -1 1 -1 
19 18 1 16 29 62 1 2 1 -1 1 -1 
27 9 21 57 41 83 0 2 0 -1 1 -1 
32 13 19 78 72 82 0 2 0 -1 1 -1 
52 9 30 3 57 34 2 2 1 -1 1 -1 
30 17 52 12 11 33 0 1 1 -1 1 -1 
33 48 2 10 38 43 1 1 1 -1 1 -1 
8 33 26 88 43 1 0 0 1 -1 1 -1 
48 51 29 9 5 38 1 2 2 -1 1 -1 
48 29 2 37 53 35 1 0 0 -1 1 -1 
15 44 51 49 7 40 0 1 2 -1 1 -1 
15 51 38 39 9 8 1 0 0 -1 1 -1 
21 9 0 31 4 42 0 2 2 -1 1 -1 
21 0 22 41 22 2 1 2 2 -1 1 -1 
2 26 33 74 36 35 0 0 1 -1 1 -1 
28 26 35 1 74 73 2 2 1 -1 1 -1 
10 36 40 48 76 75 0 2 1 -1 1 -1 
12 14 31 96 23 95 1 0 2 1 1 -1 
14 46 16 18 25 26 0 2 0 -1 1 -1 
16 36 10 66 45 26 1 2 1 -1 1 -1 
10 44 15 75 39 50 0 2 0 -1 1 -1 
5 10 15 94 49 93 1 1 2 1 1 -1 
28 4 42 73 17 52 0 0 0 -1 1 -1 
25 28 42 92 51 91 1 1 2 1 1 -1 
45 2 29 90 38 89 1 0 2 1 1 -1 
2 18 35 29 15 74 0 2 1 -1 1 -1 
8 42 41 91 68 67 0 2 1 -1 1 -1 
24 8 38 88 67 87 1 0 2 1 1 -1 
30 9 27 33 31 58 0 2 2 -1 1 -1 
30 27 11 57 77 12 1 2 1 -1 1 -1 
32 47 17 81 11 60 0 2 2 -1 1 -1 
32 17 11 59 12 78 1 2 1 -1 1 -1 
1 29 47 89 6 62 0 2 2 -1 1 -1 
1 47 19 61 71 30 1 0 1 -1 1 -1 
39 7 13 86 27 85 1 1 2 1 1 -1 
7 4 35 19 73 15 0 2 1 -1 1 -1 
16 4 22 25 19 20 1 2 1 -1 1 -1 
16 49 36 20 0 48 0 2 2 -1 1 -1 
41 38 8 79 56 55 0 0 1 -1 1 -1 
41 42 14 55 18 96 0 1 0 -1 1 -1 
43 13 11 85 78 77 0 2 1 -1 1 -1 
34 43 27 84 77 83 1 0 2 1 1 -1 
20 19 47 82 62 81 1 0 2 1 1 -1 
19 13 37 32 27 16 0 0 2 -1 1 -1 
35 4 28 64 51 44 0 2 1 -1 1 -1 
35 26 2 44 43 54 0 2 1 -1 1 -1 
40 44 10 14 49 45 1 2 1 -1 1 -1 
40 36 0 45 0 14 0 1 2 -1 1 -1 
11 27 43 58 70 69 0 0 1 -1 1 -1 
11 13 32 69 32 60 0 2 1 -1 1 -1 
23 38 41 8 67 98 1 2 0 -1 1 -1 
23 31 15 97 93 8 0 0 2 -1 1 -1 
20 47 32 71 59 82 1 2 2 1 1 -1 
20 32 19 81 32 71 1 1 2 1 1 -1 
34 27 21 70 31 84 1 1 2 1 1 -1 
34 21 43 83 2 70 1 1 2 1 1 -1 
39 13 43 63 69 86 1 2 2 1 1 -1 
39 43 7 85 21 63 1 1 2 1 1 -1 
24 38 33 56 10 88 1 2 2 1 1 -1 
24 33 8 87 36 56 1 2 2 1 1 -1 
45 29 1 53 61 90 1 2 2 1 1 -1 
45 1 2 89 29 53 1 1 2 1 1 -1 
25 42 8 52 55 92 1 2 2 1 1 -1 
25 8 28 91 1 52 1 0 2 1 1 -1 
5 15 31 50 80 94 1 0 2 1 1 -1 
5 31 10 93 23 50 1 2 2 1 1 -1 
12 31 41 46 24 96 1 0 2 1 1 -1 
12 41 14 95 68 46 1 1 2 1 1 -1 
3 31 23 24 80 98 1 2 2 1 1 -1 
3 23 41 97 79 24 1 1 2 1 1 -1 

22 99
36 49 0 66 22 76 0 0 0 -1 1 -1 
26 28 25 44 52 92 2 2 1 1 1 -1 
21 22 43 42 86 84 1 0 0 -1 1 -1 
9 52 50 33 -1 4 2 -1 0 -1 1 -1 
0 9 50 41 3 13 0 1 2 -1 1 -1 
29 51 52 37 -1 6 0 -1 0 -1 1 -1 
47 29 52 89 5 11 0 1 0 -1 1 -1 
44 50 51 13 -1 39 0 -1 0 -1 1 -1 
23 15 38 80 40 98 1 1 0 -1 1 -1 
48 38 51 10 40 37 0 0 2 -1 1 -1 
33 38 48 87 9 35 0 2 2 -1 1 -1 
17 47 52 81 6 34 0 1 0 -1 1 -1 
11 17 30 60 34 58 0 2 1 -1 1 -1 
0 50 44 4 7 14 1 2 0 -1 1 -1 
40 0 44 76 13 75 1 1 2 -1 1 -1 
35 18 7 54 28 64 0 1 1 -1 1 -1 
19 37 18 72 28 30 1 2 2 -1 1 -1 
46 42 4 18 51 25 2 0 0 -1 1 -1 
42 46 14 17 47 68 2 2 2 -1 1 -1 
22 4 7 65 64 21 0 2 2 -1 1 -1 
22 49 16 22 66 65 1 2 1 -1 1 -1 
22 7 39 19 63 86 1 2 1 2 1 -1 
22 0 49 42 0 20 0 0 2 -1 1 -1 
14 10 5 26 50 94 2 2 1 0 1 -1 
3 41 12 79 96 95 0 2 1 1 1 -1 
16 46 4 47 17 65 0 1 2 -1 1 -1 
10 14 16 23 47 48 2 1 1 -1 1 -1 
7 37 13 28 72 63 0 0 0 -1 1 -1 
18 37 7 16 27 15 0 2 0 -1 1 -1 
1 18 2 30 54 90 0 2 0 -1 1 -1 
19 18 1 16 29 62 1 2 1 -1 1 -1 
9 21 34 41 84 83 2 2 1 2 1 -1 
32 13 19 78 72 82 0 2 0 -1 1 -1 
52 9 30 3 57 34 2 2 1 -1 1 -1 
30 17 52 12 11 33 0 1 1 -1 1 -1 
33 48 2 10 53 43 1 0 1 -1 1 -1 
8 33 26 88 43 92 0 0 0 -1 1 -1 
48 51 29 9 5 38 1 2 2 -1 1 -1 
48 29 45 37 89 53 1 2 1 1 1 -1 
15 44 51 49 7 40 0 1 2 -1 1 -1 
15 51 38 39 9 8 1 0 0 -1 1 -1 
21 9 0 31 4 42 2 2 2 -1 1 -1 
21 0 22 41 22 2 1 2 2 -1 1 -1 
2 26 33 74 36 35 0 0 1 -1 1 -1 
28 26 35 1 74 73 2 2 1 -1 1 -1 
10 36 40 48 76 75 0 2 1 -1 1 -1 
12 14 31 68 94 95 0 0 2 1 1 -1 
14 46 16 18 25 26 0 2 0 -1 1 -1 
16 36 10 66 45 26 1 2 1 -1 1 -1 
10 44 15 75 39 50 0 2 0 -1 1 -1 
5 10 15 23 49 93 0 1 2 1 1 -1 
28 4 42 73 17 52 0 0 0 -1 1 -1 
25 28 42 1 51 91 0 1 2 1 1 -1 
45 2 48 90 35 38 1 0 1 1 1 -1 
2 18 35 29 15 74 0 2 1 -1 1 -1 
41 8 25 67 92 91 1 2 1 0 1 -1 
24 8 38 88 67 87 1 0 2 1 1 -1 
30 9 27 33 83 58 0 0 2 -1 1 -1 
30 27 11 57 77 12 1 2 1 -1 1 -1 
17 32 20 60 82 81 2 2 1 0 1 -1 
32 17 11 59 12 78 2 2 1 -1 1 -1 
47 1 45 62 90 89 2 2 1 0 1 -1 
1 47 19 61 71 30 2 0 1 -1 1 -1 
39 7 13 21 27 85 0 1 2 1 1 -1 
7 4 35 19 73 15 0 2 1 -1 1 -1 
16 4 22 25 19 20 1 2 1 -1 1 -1 
16 49 36 20 0 48 0 2 2 -1 1 -1 
41 38 8 79 56 55 2 0 2 -1 1 -1 
42 14 12 18 46 96 1 2 1 2 1 -1 
43 13 11 85 78 70 0 2 0 -1 1 -1 
34 43 11 84 69 77 1 1 1 1 1 -1 
20 19 47 82 62 81 1 0 2 1 1 -1 
19 13 37 32 27 16 0 0 2 -1 1 -1 
35 4 28 64 51 44 0 2 1 -1 1 -1 
35 26 2 44 43 54 0 2 1 -1 1 -1 
40 44 10 14 49 45 1 2 1 -1 1 -1 
40 36 0 45 0 14 0 1 2 -1 1 -1 
11 27 34 58 83 70 0 2 1 1 1 -1 
11 13 32 69 32 60 0 2 1 -1 1 -1 
38 41 3 67 24 98 2 2 1 2 1 -1 
23 31 15 97 93 8 0 0 2 -1 1 -1 
20 47 17 71 11 59 1 2 1 1 1 -1 
20 32 19 59 32 71 0 1 2 1 1 -1 
34 27 9 77 57 31 0 0 1 1 1 -1 
34 21 43 31 2 70 0 1 2 1 1 -1 
39 13 43 63 69 86 1 2 2 1 1 -1 
39 43 22 85 2 21 1 0 1 1 1 -1 
24 38 33 56 10 88 1 2 2 1 1 -1 
24 33 8 87 36 56 1 2 2 1 1 -1 
45 29 47 38 6 61 0 2 1 1 1 -1 
45 1 2 61 29 53 0 1 2 1 1 -1 
25 42 41 52 96 55 1 0 1 1 1 -1 
25 8 26 55 36 1 0 1 1 1 1 -1 
5 15 31 50 80 94 1 0 2 1 1 -1 
5 31 14 93 46 23 1 0 1 1 1 -1 
12 31 3 46 97 24 1 2 1 1 1 -1 
12 41 42 24 91 68 0 0 1 1 1 -1 
3 31 23 95 80 98 0 2 2 1 1 -1 
3 23 38 97 8 79 1 1 1 1 1 -1 

23 99
36 49 0 66 22 76 0 0 0 -1 1 -1 
26 28 25 44 52 36 2 2 0 1 1 -1 
21 22 43 42 86 84 1 0 0 -1 1 -1 
9 52 50 33 -1 4 2 -1 0 -1 1 -1 
0 9 50 41 3 13 0 1 2 -1 1 -1 
29 51 52 37 -1 6 0 -1 0 -1 1 -1 
47 29 52 89 5 11 0 1 0 -1 1 -1 
44 50 51 13 -1 39 0 -1 0 -1 1 -1 
23 15 38 80 40 98 1 1 0 -1 1 -1 
48 38 51 10 40 37 0 0 2 -1 1 -1 
33 38 48 87 9 35 0 2 2 -1 1 -1 
17 47 52 81 6 34 0 1 0 -1 1 -1 
11 17 30 60 34 58 0 2 1 -1 1 -1 
0 50 44 4 7 14 1 2 0 -1 1 -1 
40 0 44 76 13 75 1 1 2 -1 1 -1 
35 18 7 54 28 64 0 1 1 -1 1 -1 
19 37 18 72 28 30 1 2 2 -1 1 -1 
46 42 4 18 51 25 2 0 0 -1 1 -1 
42 46 14 17 47 68 2 2 2 -1 1 -1 
22 4 7 65 64 21 0 2 2 -1 1 -1 
22 49 16 22 66 65 1 2 1 -1 1 -1 
22 7 39 19 63 86 1 2 1 2 1 -1 
22 0 49 42 0 20 0 0 2 -1 1 -1 
14 10 5 26 50 46 2 2 0 0 1 -1 
3 41 12 79 96 95 0 2 1 1 1 -1 
16 46 4 47 17 65 0 1 2 -1 1 -1 
10 14 16 23 47 48 2 1 1 -1 1 -1 
7 37 13 28 72 63 0 0 0 -1 1 -1 
18 37 7 16 27 15 0 2 0 -1 1 -1 
1 18 2 30 54 90 0 2 0 -1 1 -1 
19 18 1 16 29 62 1 2 1 -1 1 -1 
9 21 34 41 84 83 2 2 1 2 1 -1 
32 13 19 78 72 82 0 2 0 -1 1 -1 
52 9 30 3 57 34 2 2 1 -1 1 -1 
30 17 52 12 11 33 0 1 1 -1 1 -1 
33 48 2 10 53 43 1 0 1 -1 1 -1 
33 26 25 43 1 92 0 1 1 2 1 -1 
48 51 29 9 5 38 1 2 2 -1 1 -1 
48 29 45 37 89 53 1 2 1 1 1 -1 
15 44 51 49 7 40 0 1 2 -1 1 -1 
15 51 38 39 9 8 1 0 0 -1 1 -1 
21 9 0 31 4 42 2 2 2 -1 1 -1 
21 0 22 41 22 2 1 2 2 -1 1 -1 
2 26 33 74 36 35 0 2 1 -1 1 -1 
28 26 35 1 74 73 2 2 1 -1 1 -1 
10 36 40 48 76 75 0 2 1 -1 1 -1 
12 14 5 68 23 94 0 1 1 1 1 -1 
14 46 16 18 25 26 0 2 0 -1 1 -1 
16 36 10 66 45 26 1 2 1 -1 1 -1 
10 44 15 75 39 50 0 2 0 -1 1 -1 
5 10 15 23 49 93 0 1 2 1 1 -1 
28 4 42 73 17 52 0 0 0 -1 1 -1 
25 28 42 1 51 91 0 1 2 1 1 -1 
45 2 48 90 35 38 1 0 1 1 1 -1 
2 18 35 29 15 74 0 2 1 -1 1 -1 
41 8 25 67 92 91 1 2 1 0 1 -1 
24 8 38 88 67 87 1 0 2 1 1 -1 
30 9 27 33 83 58 0 0 2 -1 1 -1 
30 27 11 57 77 12 1 2 1 -1 1 -1 
17 32 20 60 82 81 2 2 1 0 1 -1 
32 17 11 59 12 78 2 2 1 -1 1 -1 
47 1 45 62 90 89 2 2 1 0 1 -1 
1 47 19 61 71 30 2 0 1 -1 1 -1 
39 7 13 21 27 85 0 1 2 1 1 -1 
7 4 35 19 73 15 0 2 1 -1 1 -1 
16 4 22 25 19 20 1 2 1 -1 1 -1 
16 49 36 20 0 48 0 2 2 -1 1 -1 
41 38 8 79 56 55 2 0 2 -1 1 -1 
42 14 12 18 46 96 1 2 1 2 1 -1 
43 13 11 85 78 70 0 2 0 -1 1 -1 
34 43 11 84 69 77 1 1 1 1 1 -1 
20 19 47 82 62 81 1 0 2 1 1 -1 
19 13 37 32 27 16 0 0 2 -1 1 -1 
35 4 28 64 51 44 0 2 1 -1 1 -1 
35 26 2 44 43 54 0 2 1 -1 1 -1 
40 44 10 14 49 45 1 2 1 -1 1 -1 
40 36 0 45 0 14 0 1 2 -1 1 -1 
11 27 34 58 83 70 0 2 1 1 1 -1 
11 13 32 69 32 60 0 2 1 -1 1 -1 
38 41 3 67 24 98 2 2 1 2 1 -1 
23 31 15 97 93 8 0 0 2 -1 1 -1 
20 47 17 71 11 59 1 2 1 1 1 -1 
20 32 19 59 32 71 0 1 2 1 1 -1 
34 27 9 77 57 31 0 0 1 1 1 -1 
34 21 43 31 2 70 0 1 2 1 1 -1 
39 13 43 63 69 86 1 2 2 1 1 -1 
39 43 22 85 2 21 1 0 1 1 1 -1 
24 38 33 56 10 88 1 2 2 1 1 -1 
24 33 8 87 92 56 1 0 2 1 1 -1 
45 29 47 38 6 61 0 2 1 1 1 -1 
45 1 2 61 29 53 0 1 2 1 1 -1 
25 42 41 52 96 55 1 0 1 1 1 -1 
25 8 33 55 88 36 0 0 1 1 1 -1 
5 15 31 50 80 94 1 0 2 1 1 -1 
5 31 12 93 95 46 1 2 1 1 1 -1 
12 31 3 94 97 24 0 2 1 1 1 -1 
12 41 42 24 91 68 0 0 1 1 1 -1 
3 31 23 95 80 98 0 2 2 1 1 -1 
3 23 38 97 8 79 1 1 1 1 1 -1 

24 99
36 49 0 66 22 76 0 0 0 -1 1 -1 
26 28 25 44 52 36 2 2 0 1 1 -1 
21 22 43 42 86 84 1 0 0 -1 1 -1 
9 52 50 33 -1 4 2 -1 0 -1 1 -1 
0 9 50 41 3 13 0 1 2 -1 1 -1 
29 51 52 37 -1 6 0 -1 0 -1 1 -1 
47 29 52 89 5 11 0 1 0 -1 1 -1 
44 50 51 13 -1 39 0 -1 0 -1 1 -1 
23 15 38 80 40 98 1 1 0 -1 1 -1 
48 38 51 10 40 37 0 0 2 -1 1 -1 
33 38 48 87 9 35 0 2 2 -1 1 -1 
17 47 52 81 6 34 0 1 0 -1 1 -1 
11 17 30 60 34 58 0 2 1 -1 1 -1 
0 50 44 4 7 14 1 2 0 -1 1 -1 
40 0 44 76 13 75 1 1 2 -1 1 -1 
35 18 7 54 28 64 0 1 1 -1 1 -1 
19 37 18 72 28 30 1 2 2 -1 1 -1 
46 42 4 18 51 25 2 0 0 -1 1 -1 
42 46 14 17 47 68 2 2 2 -1 1 -1 
22 4 7 65 64 21 0 2 2 -1 1 -1 
22 49 16 22 66 65 1 2 1 -1 1 -1 
22 7 39 19 63 86 1 2 1 2 1 -1 
22 0 49 42 0 20 0 0 2 -1 1 -1 
14 10 5 26 50 46 2 2 0 0 1 -1 
3 41 12 79 96 95 0 2 1 1 1 -1 
16 46 4 47 17 65 0 1 2 -1 1 -1 
10 14 16 23 47 48 2 1 1 -1 1 -1 
7 37 13 28 72 63 0 0 0 -1 1 -1 
18 37 7 16 27 15 0 2 0 -1 1 -1 
1 18 2 30 54 90 0 2 0 -1 1 -1 
19 18 1 16 29 62 1 2 1 -1 1 -1 
9 21 34 41 84 83 2 2 1 2 1 -1 
32 13 19 78 72 82 0 2 0 -1 1 -1 
52 9 30 3 57 34 2 2 1 -1 1 -1 
30 17 52 12 11 33 0 1 1 -1 1 -1 
33 48 2 10 53 43 1 0 1 -1 1 -1 
33 26 25 43 1 88 0 1 0 2 1 -1 
48 51 29 9 5 38 1 2 2 -1 1 -1 
48 29 45 37 89 53 1 2 1 1 1 -1 
15 44 51 49 7 40 0 1 2 -1 1 -1 
15 51 38 39 9 8 1 0 0 -1 1 -1 
21 9 0 31 4 42 2 2 2 -1 1 -1 
21 0 22 41 22 2 1 2 2 -1 1 -1 
2 26 33 74 36 35 0 2 1 -1 1 -1 
28 26 35 1 74 73 2 2 1 -1 1 -1 
10 36 40 48 76 75 0 2 1 -1 1 -1 
12 14 5 68 23 94 0 1 1 1 1 -1 
14 46 16 18 25 26 0 2 0 -1 1 -1 
16 36 10 66 45 26 1 2 1 -1 1 -1 
10 44 15 75 39 50 0 2 0 -1 1 -1 
5 10 15 23 49 93 0 1 2 1 1 -1 
28 4 42 73 17 52 0 0 0 -1 1 -1 
25 28 42 1 51 91 0 1 2 1 1 -1 
45 2 48 90 35 38 1 0 1 1 1 -1 
2 18 35 29 15 74 0 2 1 -1 1 -1 
41 8 25 67 92 91 1 2 1 0 1 -1 
24 8 38 92 67 87 0 0 2 1 1 -1 
30 9 27 33 83 58 0 0 2 -1 1 -1 
30 27 11 57 77 12 1 2 1 -1 1 -1 
17 32 20 60 82 81 2 2 1 0 1 -1 
32 17 11 59 12 78 2 2 1 -1 1 -1 
47 1 45 62 90 89 2 2 1 0 1 -1 
1 47 19 61 71 30 2 0 1 -1 1 -1 
39 7 13 21 27 85 0 1 2 1 1 -1 
7 4 35 19 73 15 0 2 1 -1 1 -1 
16 4 22 25 19 20 1 2 1 -1 1 -1 
16 49 36 20 0 48 0 2 2 -1 1 -1 
41 38 8 79 56 55 2 0 2 -1 1 -1 
42 14 12 18 46 96 1 2 1 2 1 -1 
43 13 11 85 78 70 0 2 0 -1 1 -1 
34 43 11 84 69 77 1 1 1 1 1 -1 
20 19 47 82 62 81 1 0 2 1 1 -1 
19 13 37 32 27 16 0 0 2 -1 1 -1 
35 4 28 64 51 44 0 2 1 -1 1 -1 
35 26 2 44 43 54 0 2 1 -1 1 -1 
40 44 10 14 49 45 1 2 1 -1 1 -1 
40 36 0 45 0 14 0 1 2 -1 1 -1 
11 27 34 58 83 70 0 2 1 1 1 -1 
11 13 32 69 32 60 0 2 1 -1 1 -1 
38 41 3 67 24 98 2 2 1 2 1 -1 
23 31 15 97 93 8 0 0 2 -1 1 -1 
20 47 17 71 11 59 1 2 1 1 1 -1 
20 32 19 59 32 71 0 1 2 1 1 -1 
34 27 9 77 57 31 0 0 1 1 1 -1 
34 21 43 31 2 70 0 1 2 1 1 -1 
39 13 43 63 69 86 1 2 2 1 1 -1 
39 43 22 85 2 21 1 0 1 1 1 -1 
24 38 33 56 10 88 1 2 2 1 1 -1 
24 33 25 87 36 92 1 1 1 1 1 -1 
45 29 47 38 6 61 0 2 1 1 1 -1 
45 1 2 61 29 53 0 1 2 1 1 -1 
25 42 41 52 96 55 1 0 1 1 1 -1 
25 8 24 55 56 88 0 2 1 1 1 -1 
5 15 31 50 80 94 1 0 2 1 1 -1 
5 31 12 93 95 46 1 2 1 1 1 -1 
12 31 3 94 97 24 0 2 1 1 1 -1 
12 41 42 24 91 68 0 0 1 1 1 -1 
3 31 23 95 80 98 0 2 2 1 1 -1 
3 23 38 97 8 79 1 1 1 1 1 -1 

25 99
36 49 0 66 22 76 0 0 0 -1 1 -1 
26 28 25 44 52 36 2 2 0 -1 1 -1 
21 22 43 42 86 84 1 0 0 -1 1 -1 
9 52 50 33 -1 4 2 -1 0 -1 1 -1 
0 9 50 41 3 13 0 1 2 -1 1 -1 
29 51 52 37 -1 6 0 -1 0 -1 1 -1 
47 29 52 89 5 11 0 1 0 -1 1 -1 
44 50 51 13 -1 39 0 -1 0 -1 1 -1 
23 15 38 80 40 98 1 1 0 -1 1 -1 
48 38 51 10 40 37 0 0 2 -1 1 -1 
33 38 48 87 9 35 0 2 2 -1 1 -1 
17 47 52 81 6 34 0 1 0 -1 1 -1 
11 17 30 60 34 58 0 2 1 -1 1 -1 
0 50 44 4 7 14 1 2 0 -1 1 -1 
40 0 44 76 13 75 1 1 2 -1 1 -1 
35 18 7 54 28 64 0 1 1 -1 1 -1 
19 37 18 72 28 30 1 2 2 -1 1 -1 
46 42 4 18 51 25 2 0 0 -1 1 -1 
42 46 14 17 47 68 2 2 2 -1 1 -1 
22 4 7 65 64 21 0 2 2 -1 1 -1 
22 49 16 22 66 65 1 2 1 -1 1 -1 
22 7 39 19 63 86 1 2 1 -1 1 -1 
22 0 49 42 0 20 0 0 2 -1 1 -1 
14 10 5 26 50 46 2 2 0 -1 1 -1 
3 41 12 79 96 95 0 2 1 -1 1 -1 
16 46 4 47 17 65 0 1 2 -1 1 -1 
10 14 16 23 47 48 2 1 1 -1 1 -1 
7 37 13 28 72 63 0 0 0 -1 1 -1 
18 37 7 16 27 15 0 2 0 -1 1 -1 
1 18 2 30 54 90 0 2 0 -1 1 -1 
19 18 1 16 29 62 1 2 1 -1 1 -1 
9 21 34 41 84 83 2 2 1 -1 1 -1 
32 13 19 78 72 82 0 2 0 -1 1 -1 
52 9 30 3 57 34 2 2 1 -1 1 -1 
30 17 52 12 11 33 0 1 1 -1 1 -1 
33 48 2 10 53 43 1 0 1 -1 1 -1 
33 26 25 43 1 88 0 1 0 -1 1 -1 
48 51 29 9 5 38 1 2 2 -1 1 -1 
48 29 45 37 89 53 1 2 1 -1 1 -1 
15 44 51 49 7 40 0 1 2 -1 1 -1 
15 51 38 39 9 8 1 0 0 -1 1 -1 
21 9 0 31 4 42 2 2 2 -1 1 -1 
21 0 22 41 22 2 1 2 2 -1 1 -1 
2 26 33 74 36 35 0 2 1 -1 1 -1 
28 26 35 1 74 73 2 2 1 -1 1 -1 
10 36 40 48 76 75 0 2 1 -1 1 -1 
12 14 5 68 23 94 0 1 1 -1 1 -1 
14 46 16 18 25 26 0 2 0 -1 1 -1 
16 36 10 66 45 26 1 2 1 -1 1 -1 
10 44 15 75 39 50 0 2 0 -1 1 -1 
5 10 15 23 49 93 0 1 2 -1 1 -1 
28 4 42 73 17 52 0 0 0 -1 1 -1 
25 28 42 1 51 91 0 1 2 -1 1 -1 
45 2 48 90 35 38 1 0 1 -1 1 -1 
2 18 35 29 15 74 0 2 1 -1 1 -1 
41 8 25 67 92 91 1 2 1 -1 1 -1 
24 8 38 92 67 87 0 0 2 -1 1 -1 
30 9 27 33 83 58 0 0 2 -1 1 -1 
30 27 11 57 77 12 1 2 1 -1 1 -1 
17 32 20 60 82 81 2 2 1 -1 1 -1 
32 17 11 59 12 78 2 2 1 -1 1 -1 
47 1 45 62 90 89 2 2 1 -1 1 -1 
1 47 19 61 71 30 2 0 1 -1 1 -1 
39 7 13 21 27 85 0 1 2 -1 1 -1 
7 4 35 19 73 15 0 2 1 -1 1 -1 
16 4 22 25 19 20 1 2 1 -1 1 -1 
16 49 36 20 0 48 0 2 2 -1 1 -1 
41 38 8 79 56 55 2 0 2 -1 1 -1 
42 14 12 18 46 96 1 2 1 -1 1 -1 
43 13 11 85 78 70 0 2 0 -1 1 -1 
34 43 11 84 69 77 1 1 1 -1 1 -1 
20 19 47 82 62 81 1 0 2 -1 1 -1 
19 13 37 32 27 16 0 0 2 -1 1 -1 
35 4 28 64 51 44 0 2 1 -1 1 -1 
35 26 2 44 43 54 0 2 1 -1 1 -1 
40 44 10 14 49 45 1 2 1 -1 1 -1 
40 36 0 45 0 14 0 1 2 -1 1 -1 
11 27 34 58 83 70 0 2 1 -1 1 -1 
11 13 32 69 32 60 0 2 1 -1 1 -1 
38 41 3 67 24 98 2 2 1 -1 1 -1 
23 31 15 97 93 8 0 0 2 -1 1 -1 
20 47 17 71 11 59 1 2 1 -1 1 -1 
20 32 19 59 32 71 0 1 2 -1 1 -1 
34 27 9 77 57 31 0 0 1 -1 1 -1 
34 21 43 31 2 70 0 1 2 -1 1 -1 
39 13 43 63 69 86 1 2 2 -1 1 -1 
39 43 22 85 2 21 1 0 1 -1 1 -1 
24 38 33 56 10 88 1 2 2 -1 1 -1 
24 33 25 87 36 92 1 1 1 -1 1 -1 
45 29 47 38 6 61 0 2 1 -1 1 -1 
45 1 2 61 29 53 0 1 2 -1 1 -1 
25 42 41 52 96 55 1 0 1 -1 1 -1 
25 8 24 55 56 88 0 2 1 -1 1 -1 
5 15 31 50 80 94 1 0 2 -1 1 -1 
5 31 12 93 95 46 1 2 1 -1 1 -1 
12 31 3 94 97 24 0 2 1 -1 1 -1 
12 41 42 24 91 68 0 0 1 -1 1 -1 
3 31 23 95 80 98 0 2 2 -1 1 -1 
3 23 38 97 8 79 1 1 1 -1 1 -1 

26 101
36 49 0 66 22 76 0 0 0 -1 1 -1 
26 28 25 44 52 36 2 2 0 -1 1 -1 
21 22 43 42 86 84 1 0 0 -1 1 -1 
9 52 50 33 -1 4 2 -1 0 -1 1 -1 
0 9 50 41 3 13 0 1 2 -1 1 -1 
29 51 52 37 -1 6 0 -1 0 -1 1 -1 
47 29 52 89 5 11 0 1 0 -1 1 -1 
44 50 51 13 -1 39 0 -1 0 -1 1 -1 
23 15 38 80 40 98 1 1 0 -1 1 -1 
48 38 51 10 40 37 0 0 2 -1 1 -1 
33 38 48 87 9 35 0 2 2 -1 1 -1 
17 47 52 81 6 34 0 1 0 -1 1 -1 
11 17 30 60 34 58 0 2 1 -1 1 -1 
0 50 44 4 7 14 1 2 0 -1 1 -1 
40 0 44 76 13 75 1 1 2 -1 1 -1 
35 18 7 54 28 64 0 1 1 -1 1 -1 
19 37 18 72 28 30 1 2 2 -1 1 -1 
46 42 4 18 51 25 2 0 0 -1 1 -1 
42 46 14 17 47 68 2 2 2 -1 1 -1 
22 4 7 65 64 21 0 2 2 -1 1 -1 
22 49 16 22 66 65 1 2 1 -1 1 -1 
22 7 39 19 63 86 1 2 1 -1 1 -1 
22 0 49 42 0 20 0 0 2 -1 1 -1 
14 10 5 26 50 46 2 2 0 -1 1 -1 
3 41 12 79 96 95 0 2 1 -1 1 -1 
16 46 4 47 17 65 0 1 2 -1 1 -1 
10 14 16 23 47 48 2 1 1 -1 1 -1 
7 37 13 28 72 63 0 0 0 -1 1 -1 
18 37 7 16 27 15 0 2 0 -1 1 -1 
1 18 2 30 54 99 0 2 0 -1 1 -1 
19 18 1 16 29 62 1 2 1 -1 1 -1 
9 21 34 41 84 83 2 2 1 -1 1 -1 
32 13 19 78 72 82 0 2 0 -1 1 -1 
52 9 30 3 57 34 2 2 1 -1 1 -1 
30 17 52 12 11 33 0 1 1 -1 1 -1 
33 48 2 10 53 43 1 0 1 -1 1 -1 
33 26 25 43 1 88 0 1 0 -1 1 -1 
48 51 29 9 5 38 1 2 2 -1 1 -1 
48 29 45 37 89 53 1 2 1 -1 1 -1 
15 44 51 49 7 40 0 1 2 -1 1 -1 
15 51 38 39 9 8 1 0 0 -1 1 -1 
21 9 0 31 4 42 2 2 2 -1 1 -1 
21 0 22 41 22 2 1 2 2 -1 1 -1 
2 26 33 74 36 35 0 2 1 -1 1 -1 
28 26 35 1 74 73 2 2 1 -1 1 -1 
10 36 40 48 76 75 0 2 1 -1 1 -1 
12 14 5 68 23 94 0 1 1 -1 1 -1 
14 46 16 18 25 26 0 2 0 -1 1 -1 
16 36 10 66 45 26 1 2 1 -1 1 -1 
10 44 15 75 39 50 0 2 0 -1 1 -1 
5 10 15 23 49 93 0 1 2 -1 1 -1 
28 4 42 73 17 52 0 0 0 -1 1 -1 
25 28 42 1 51 91 0 1 2 -1 1 -1 
45 2 48 100 35 38 0 0 1 -1 1 -1 
2 18 35 29 15 74 0 2 1 -1 1 -1 
41 8 25 67 92 91 1 2 1 -1 1 -1 
24 8 38 92 67 87 0 0 2 -1 1 -1 
30 9 27 33 83 58 0 0 2 -1 1 -1 
30 27 11 57 77 12 1 2 1 -1 1 -1 
17 32 20 60 82 81 2 2 1 -1 1 -1 
32 17 11 59 12 78 2 2 1 -1 1 -1 
47 1 45 62 90 89 2 0 1 -1 1 -1 
1 47 19 61 71 30 2 0 1 -1 1 -1 
39 7 13 21 27 85 0 1 2 -1 1 -1 
7 4 35 19 73 15 0 2 1 -1 1 -1 
16 4 22 25 19 20 1 2 1 -1 1 -1 
16 49 36 20 0 48 0 2 2 -1 1 -1 
41 38 8 79 56 55 2 0 2 -1 1 -1 
42 14 12 18 46 96 1 2 1 -1 1 -1 
43 13 11 85 78 70 0 2 0 -1 1 -1 
34 43 11 84 69 77 1 1 1 -1 1 -1 
20 19 47 82 62 81 1 0 2 -1 1 -1 
19 13 37 32 27 16 0 0 2 -1 1 -1 
35 4 28 64 51 44 0 2 1 -1 1 -1 
35 26 2 44 43 54 0 2 1 -1 1 -1 
40 44 10 14 49 45 1 2 1 -1 1 -1 
40 36 0 45 0 14 0 1 2 -1 1 -1 
11 27 34 58 83 70 0 2 1 -1 1 -1 
11 13 32 69 32 60 0 2 1 -1 1 -1 
38 41 3 67 24 98 2 2 1 -1 1 -1 
23 31 15 97 93 8 0 0 2 -1 1 -1 
20 47 17 71 11 59 1 2 1 -1 1 -1 
20 32 19 59 32 71 0 1 2 -1 1 -1 
34 27 9 77 57 31 0 0 1 -1 1 -1 
34 21 43 31 2 70 0 1 2 -1 1 -1 
39 13 43 63 69 86 1 2 2 -1 1 -1 
39 43 22 85 2 21 1 0 1 -1 1 -1 
24 38 33 56 10 88 1 2 2 -1 1 -1 
24 33 25 87 36 92 1 1 1 -1 1 -1 
45 29 47 38 6 61 0 2 1 -1 1 -1 
6 45 1 100 61 99 1 0 2 1 1 -1 
25 42 41 52 96 55 1 0 1 -1 1 -1 
25 8 24 55 56 88 0 2 1 -1 1 -1 
5 15 31 50 80 94 1 0 2 -1 1 -1 
5 31 12 93 95 46 1 2 1 -1 1 -1 
12 31 3 94 97 24 0 2 1 -1 1 -1 
12 41 42 24 91 68 0 0 1 -1 1 -1 
3 31 23 95 80 98 0 2 2 -1 1 -1 
3 23 38 97 8 79 1 1 1 -1 1 -1 
6 1 2 90 29 100 1 1 2 1 1 -1 
6 2 45 99 53 90 1 2 2 1 1 -1 

27 101
36 49 0 66 22 76 0 0 0 -1 1 -1 
26 28 25 44 52 36 2 2 0 -1 1 -1 
21 22 43 42 86 84 1 0 0 -1 1 -1 
9 52 50 33 -1 4 2 -1 0 -1 1 -1 
0 9 50 41 3 13 0 1 2 -1 1 -1 
29 51 52 37 -1 6 0 -1 0 -1 1 -1 
47 29 52 89 5 11 0 1 0 -1 1 -1 
44 50 51 13 -1 39 0 -1 0 -1 1 -1 
23 15 38 80 40 98 1 1 0 -1 1 -1 
48 38 51 10 40 37 0 0 2 -1 1 -1 
33 38 48 87 9 35 0 2 2 -1 1 -1 
17 47 52 81 6 34 0 1 0 -1 1 -1 
11 17 30 60 34 58 0 2 1 -1 1 -1 
0 50 44 4 7 14 1 2 0 -1 1 -1 
40 0 44 76 13 75 1 1 2 -1 1 -1 
35 18 7 54 28 64 0 1 1 -1 1 -1 
19 37 18 72 28 30 1 2 2 -1 1 -1 
46 42 4 18 51 25 2 0 0 -1 1 -1 
42 46 14 17 47 68 2 2 2 -1 1 -1 
22 4 7 65 64 21 0 2 2 -1 1 -1 
22 49 16 22 66 65 1 2 1 -1 1 -1 
22 7 39 19 63 86 1 2 1 -1 1 -1 
22 0 49 42 0 20 0 0 2 -1 1 -1 
14 10 5 26 50 46 2 2 0 -1 1 -1 
3 41 12 79 96 95 0 2 1 -1 1 -1 
16 46 4 47 17 65 0 1 2 -1 1 -1 
10 14 16 23 47 48 2 1 1 -1 1 -1 
7 37 13 28 72 63 0 0 0 -1 1 -1 
18 37 7 16 27 15 0 2 0 -1 1 -1 
18 2 6 54 100 99 2 2 1 2 1 -1 
19 18 1 16 99 62 1 0 1 -1 1 -1 
9 21 34 41 84 83 2 2 1 -1 1 -1 
32 13 19 78 72 82 0 2 0 -1 1 -1 
52 9 30 3 57 34 2 2 1 -1 1 -1 
30 17 52 12 11 33 0 1 1 -1 1 -1 
33 48 2 10 53 43 1 0 1 -1 1 -1 
33 26 25 43 1 88 0 1 0 -1 1 -1 
48 51 29 9 5 38 1 2 2 -1 1 -1 
48 29 45 37 89 53 1 2 1 -1 1 -1 
15 44 51 49 7 40 0 1 2 -1 1 -1 
15 51 38 39 9 8 1 0 0 -1 1 -1 
21 9 0 31 4 42 2 2 2 -1 1 -1 
21 0 22 41 22 2 1 2 2 -1 1 -1 
2 26 33 74 36 35 0 2 1 -1 1 -1 
28 26 35 1 74 73 2 2 1 -1 1 -1 
10 36 40 48 76 75 0 2 1 -1 1 -1 
12 14 5 68 23 94 0 1 1 -1 1 -1 
14 46 16 18 25 26 0 2 0 -1 1 -1 
16 36 10 66 45 26 1 2 1 -1 1 -1 
10 44 15 75 39 50 0 2 0 -1 1 -1 
5 10 15 23 49 93 0 1 2 -1 1 -1 
28 4 42 73 17 52 0 0 0 -1 1 -1 
25 28 42 1 51 91 0 1 2 -1 1 -1 
45 2 48 100 35 38 0 0 1 -1 1 -1 
2 18 35 29 15 74 2 2 1 -1 1 -1 
41 8 25 67 92 91 1 2 1 -1 1 -1 
24 8 38 92 67 87 0 0 2 -1 1 -1 
30 9 27 33 83 58 0 0 2 -1 1 -1 
30 27 11 57 77 12 1 2 1 -1 1 -1 
17 32 20 60 82 81 2 2 1 -1 1 -1 
32 17 11 59 12 78 2 2 1 -1 1 -1 
47 1 45 62 90 89 2 0 1 -1 1 -1 
1 47 19 61 71 30 2 0 1 -1 1 -1 
39 7 13 21 27 85 0 1 2 -1 1 -1 
7 4 35 19 73 15 0 2 1 -1 1 -1 
16 4 22 25 19 20 1 2 1 -1 1 -1 
16 49 36 20 0 48 0 2 2 -1 1 -1 
41 38 8 79 56 55 2 0 2 -1 1 -1 
42 14 12 18 46 96 1 2 1 -1 1 -1 
43 13 11 85 78 70 0 2 0 -1 1 -1 
34 43 11 84 69 77 1 1 1 -1 1 -1 
20 19 47 82 62 81 1 0 2 -1 1 -1 
19 13 37 32 27 16 0 0 2 -1 1 -1 
35 4 28 64 51 44 0 2 1 -1 1 -1 
35 26 2 44 43 54 0 2 1 -1 1 -1 
40 44 10 14 49 45 1 2 1 -1 1 -1 
40 36 0 45 0 14 0 1 2 -1 1 -1 
11 27 34 58 83 70 0 2 1 -1 1 -1 
11 13 32 69 32 60 0 2 1 -1 1 -1 
38 41 3 67 24 98 2 2 1 -1 1 -1 
23 31 15 97 93 8 0 0 2 -1 1 -1 
20 47 17 71 11 59 1 2 1 -1 1 -1 
20 32 19 59 32 71 0 1 2 -1 1 -1 
34 27 9 77 57 31 0 0 1 -1 1 -1 
34 21 43 31 2 70 0 1 2 -1 1 -1 
39 13 43 63 69 86 1 2 2 -1 1 -1 
39 43 22 85 2 21 1 0 1 -1 1 -1 
24 38 33 56 10 88 1 2 2 -1 1 -1 
24 33 25 87 36 92 1 1 1 -1 1 -1 
45 29 47 38 6 61 0 2 1 -1 1 -1 
6 45 1 100 61 99 1 0 2 1 1 -1 
25 42 41 52 96 55 1 0 1 -1 1 -1 
25 8 24 55 56 88 0 2 1 -1 1 -1 
5 15 31 50 80 94 1 0 2 -1 1 -1 
5 31 12 93 95 46 1 2 1 -1 1 -1 
12 31 3 94 97 24 0 2 1 -1 1 -1 
12 41 42 24 91 68 0 0 1 -1 1 -1 
3 31 23 95 80 98 0 2 2 -1 1 -1 
3 23 38 97 8 79 1 1 1 -1 1 -1 
6 1 18 90 30 29 1 0 1 1 1 -1 
6 2 45 29 53 90 0 2 2 1 1 -1 

28 101
36 49 0 66 22 76 0 0 0 -1 1 -1 
26 28 25 44 52 36 2 2 0 -1 1 -1 
21 22 43 42 86 84 1 0 0 -1 1 -1 
9 52 50 33 -1 4 2 -1 0 -1 1 -1 
0 9 50 41 3 13 0 1 2 -1 1 -1 
29 51 52 37 -1 6 0 -1 0 -1 1 -1 
47 29 52 89 5 11 0 1 0 -1 1 -1 
44 50 51 13 -1 39 0 -1 0 -1 1 -1 
23 15 38 80 40 98 1 1 0 -1 1 -1 
48 38 51 10 40 37 0 0 2 -1 1 -1 
33 38 48 87 9 35 0 2 2 -1 1 -1 
17 47 52 81 6 34 0 1 0 -1 1 -1 
11 17 30 60 34 58 0 2 1 -1 1 -1 
0 50 44 4 7 14 1 2 0 -1 1 -1 
40 0 44 76 13 75 1 1 2 -1 1 -1 
35 18 7 54 28 64 0 1 1 -1 1 -1 
19 37 18 72 28 30 1 2 2 -1 1 -1 
46 42 4 18 51 25 2 0 0 -1 1 -1 
42 46 14 17 47 68 2 2 2 -1 1 -1 
22 4 7 65 64 21 0 2 2 -1 1 -1 
22 49 16 22 66 65 1 2 1 -1 1 -1 
22 7 39 19 63 86 1 2 1 -1 1 -1 
22 0 49 42 0 20 0 0 2 -1 1 -1 
14 10 5 26 50 46 2 2 0 -1 1 -1 
3 41 12 79 96 95 0 2 1 -1 1 -1 
16 46 4 47 17 65 0 1 2 -1 1 -1 
10 14 16 23 47 48 2 1 1 -1 1 -1 
7 37 13 28 72 63 0 0 0 -1 1 -1 
18 37 7 16 27 15 0 2 0 -1 1 -1 
18 2 6 54 100 99 2 2 1 -1 1 -1 
19 18 1 16 99 62 1 0 1 -1 1 -1 
9 21 34 41 84 83 2 2 1 -1 1 -1 
32 13 19 78 72 82 0 2 0 -1 1 -1 
52 9 30 3 57 34 2 2 1 -1 1 -1 
30 17 52 12 11 33 0 1 1 -1 1 -1 
33 48 2 10 53 43 1 0 1 -1 1 -1 
33 26 25 43 1 88 0 1 0 -1 1 -1 
48 51 29 9 5 38 1 2 2 -1 1 -1 
48 29 45 37 89 53 1 2 1 -1 1 -1 
15 44 51 49 7 40 0 1 2 -1 1 -1 
15 51 38 39 9 8 1 0 0 -1 1 -1 
21 9 0 31 4 42 2 2 2 -1 1 -1 
21 0 22 41 22 2 1 2 2 -1 1 -1 
2 26 33 74 36 35 0 2 1 -1 1 -1 
28 26 35 1 74 73 2 2 1 -1 1 -1 
10 36 40 48 76 75 0 2 1 -1 1 -1 
12 14 5 68 23 94 0 1 1 -1 1 -1 
14 46 16 18 25 26 0 2 0 -1 1 -1 
16 36 10 66 45 26 1 2 1 -1 1 -1 
10 44 15 75 39 50 0 2 0 -1 1 -1 
5 10 15 23 49 93 0 1 2 -1 1 -1 
28 4 42 73 17 52 0 0 0 -1 1 -1 
25 28 42 1 51 91 0 1 2 -1 1 -1 
45 2 48 100 35 38 0 0 1 -1 1 -1 
2 18 35 29 15 74 2 2 1 -1 1 -1 
41 8 25 67 92 91 1 2 1 -1 1 -1 
24 8 38 92 67 87 0 0 2 -1 1 -1 
30 9 27 33 83 58 0 0 2 -1 1 -1 
30 27 11 57 77 12 1 2 1 -1 1 -1 
17 32 20 60 82 81 2 2 1 -1 1 -1 
32 17 11 59 12 78 2 2 1 -1 1 -1 
47 1 45 62 90 89 2 0 1 -1 1 -1 
1 47 19 61 71 30 2 0 1 -1 1 -1 
39 7 13 21 27 85 0 1 2 -1 1 -1 
7 4 35 19 73 15 0 2 1 -1 1 -1 
16 4 22 25 19 20 1 2 1 -1 1 -1 
16 49 36 20 0 48 0 2 2 -1 1 -1 
41 38 8 79 56 55 2 0 2 -1 1 -1 
42 14 12 18 46 96 1 2 1 -1 1 -1 
43 13 11 85 78 70 0 2 0 -1 1 -1 
34 43 11 84 69 77 1 1 1 -1 1 -1 
20 19 47 82 62 81 1 0 2 -1 1 -1 
19 13 37 32 27 16 0 0 2 -1 1 -1 
35 4 28 64 51 44 0 2 1 -1 1 -1 
35 26 2 44 43 54 0 2 1 -1 1 -1 
40 44 10 14 49 45 1 2 1 -1 1 -1 
40 36 0 45 0 14 0 1 2 -1 1 -1 
11 27 34 58 83 70 0 2 1 -1 1 -1 
11 13 32 69 32 60 0 2 1 -1 1 -1 
38 41 3 67 24 98 2 2 1 -1 1 -1 
23 31 15 97 93 8 0 0 2 -1 1 -1 
20 47 17 71 11 59 1 2 1 -1 1 -1 
20 32 19 59 32 71 0 1 2 -1 1 -1 
34 27 9 77 57 31 0 0 1 -1 1 -1 
34 21 43 31 2 70 0 1 2 -1 1 -1 
39 13 43 63 69 86 1 2 2 -1 1 -1 
39 43 22 85 2 21 1 0 1 -1 1 -1 
24 38 33 56 10 88 1 2 2 -1 1 -1 
24 33 25 87 36 92 1 1 1 -1 1 -1 
45 29 47 38 6 61 0 2 1 -1 1 -1 
6 45 1 100 61 99 1 0 2 -1 1 -1 
25 42 41 52 96 55 1 0 1 -1 1 -1 
25 8 24 55 56 88 0 2 1 -1 1 -1 
5 15 31 50 80 94 1 0 2 -1 1 -1 
5 31 12 93 95 46 1 2 1 -1 1 -1 
12 31 3 94 97 24 0 2 1 -1 1 -1 
12 41 42 24 91 68 0 0 1 -1 1 -1 
3 31 23 95 80 98 0 2 2 -1 1 -1 
3 23 38 97 8 79 1 1 1 -1 1 -1 
6 1 18 90 30 29 1 0 1 -1 1 -1 
6 2 45 29 53 90 0 2 2 -1 1 -1 

29 88
36 49 0 66 22 76 0 0 0 -1 1 -1 
26 28 25 44 52 36 2 2 0 -1 1 -1 
21 22 43 42 86 84 1 0 0 -1 1 -1 
23 15 38 80 40 98 1 1 0 -1 1 -1 
33 38 48 87 9 35 0 2 2 -1 1 -1 
11 17 30 60 34 58 0 2 1 -1 1 -1 
40 0 44 76 13 75 1 1 2 -1 1 -1 
35 18 7 54 28 64 0 1 1 -1 1 -1 
19 37 18 72 28 30 1 2 2 -1 1 -1 
46 42 4 18 51 25 2 0 0 -1 1 -1 
42 46 14 17 47 68 2 2 2 -1 1 -1 
22 4 7 65 64 21 0 2 2 -1 1 -1 
22 49 16 22 66 65 1 2 1 -1 1 -1 
22 7 39 19 63 86 1 2 1 -1 1 -1 
22 0 49 42 0 20 0 0 2 -1 1 -1 
14 10 5 26 50 46 2 2 0 -1 1 -1 
3 41 12 79 96 95 0 2 1 -1 1 -1 
16 46 4 47 17 65 0 1 2 -1 1 -1 
10 14 16 23 47 48 2 1 1 -1 1 -1 
7 37 13 28 72 63 0 0 0 -1 1 -1 
18 37 7 16 27 15 0 2 0 -1 1 -1 
18 2 6 54 100 99 2 2 1 -1 1 -1 
19 18 1 16 99 62 1 0 1 -1 1 -1 
9 21 34 41 84 83 2 2 1 -1 1 -1 
32 13 19 78 72 82 0 2 0 -1 1 -1 
33 48 2 10 53 43 1 0 1 -1 1 -1 
33 26 25 43 1 88 0 1 0 -1 1 -1 
48 29 45 37 89 53 1 2 1 -1 1 -1 
21 9 0 31 4 42 2 2 2 -1 1 -1 
21 0 22 41 22 2 1 2 2 -1 1 -1 
2 26 33 74 36 35 0 2 1 -1 1 -1 
28 26 35 1 74 73 2 2 1 -1 1 -1 
10 36 40 48 76 75 0 2 1 -1 1 -1 
12 14 5 68 23 94 0 1 1 -1 1 -1 
14 46 16 18 25 26 0 2 0 -1 1 -1 
16 36 10 66 45 26 1 2 1 -1 1 -1 
10 44 15 75 39 50 0 2 0 -1 1 -1 
5 10 15 23 49 93 0 1 2 -1 1 -1 
28 4 42 73 17 52 0 0 0 -1 1 -1 
25 28 42 1 51 91 0 1 2 -1 1 -1 
45 2 48 100 35 38 0 0 1 -1 1 -1 
2 18 35 29 15 74 2 2 1 -1 1 -1 
41 8 25 67 92 91 1 2 1 -1 1 -1 
24 8 38 92 67 87 0 0 2 -1 1 -1 
30 9 27 33 83 58 0 0 2 -1 1 -1 
30 27 11 57 77 12 1 2 1 -1 1 -1 
17 32 20 60 82 81 2 2 1 -1 1 -1 
32 17 11 59 12 78 2 2 1 -1 1 -1 
47 1 45 62 90 89 2 0 1 -1 1 -1 
1 47 19 61 71 30 2 0 1 -1 1 -1 
39 7 13 21 27 85 0 1 2 -1 1 -1 
7 4 35 19 73 15 0 2 1 -1 1 -1 
16 4 22 25 19 20 1 2 1 -1 1 -1 
16 49 36 20 0 48 0 2 2 -1 1 -1 
41 38 8 79 56 55 2 0 2 -1 1 -1 
42 14 12 18 46 96 1 2 1 -1 1 -1 
43 13 11 85 78 70 0 2 0 -1 1 -1 
34 43 11 84 69 77 1 1 1 -1 1 -1 
20 19 47 82 62 81 1 0 2 -1 1 -1 
19 13 37 32 27 16 0 0 2 -1 1 -1 
35 4 28 64 51 44 0 2 1 -1 1 -1 
35 26 2 44 43 54 0 2 1 -1 1 -1 
40 44 10 14 49 45 1 2 1 -1 1 -1 
40 36 0 45 0 14 0 1 2 -1 1 -1 
11 27 34 58 83 70 0 2 1 -1 1 -1 
11 13 32 69 32 60 0 2 1 -1 1 -1 
38 41 3 67 24 98 2 2 1 -1 1 -1 
23 31 15 97 93 8 0 0 2 -1 1 -1 
20 47 17 71 11 59 1 2 1 -1 1 -1 
20 32 19 59 32 71 0 1 2 -1 1 -1 
34 27 9 77 57 31 0 0 1 -1 1 -1 
34 21 43 31 2 70 0 1 2 -1 1 -1 
39 13 43 63 69 86 1 2 2 -1 1 -1 
39 43 22 85 2 21 1 0 1 -1 1 -1 
24 38 33 56 10 88 1 2 2 -1 1 -1 
24 33 25 87 36 92 1 1 1 -1 1 -1 
45 29 47 38 6 61 0 2 1 -1 1 -1 
6 45 1 100 61 99 1 0 2 -1 1 -1 
25 42 41 52 96 55 1 0 1 -1 1 -1 
25 8 24 55 56 88 0 2 1 -1 1 -1 
5 15 31 50 80 94 1 0 2 -1 1 -1 
5 31 12 93 95 46 1 2 1 -1 1 -1 
12 31 3 94 97 24 0 2 1 -1 1 -1 
12 41 42 24 91 68 0 0 1 -1 1 -1 
3 31 23 95 80 98 0 2 2 -1 1 -1 
3 23 38 97 8 79 1 1 1 -1 1 -1 
6 1 18 90 30 29 1 0 1 -1 1 -1 
6 2 45 29 53 90 0 2 2 -1 1 -1 

