8
0.428826 -0.523959
-0.741877 0.00412586
-0.570053 0.206312
0.199067 0.581364
-0.135765 -0.0509204
2.06051 -1.24091
-0.16396 2.61198
-2.38843 -1.24091

0 1
5 6 7 -1 -1 -1 -1 -1 -1 -1 

1 3
0 5 6 2 -1 1 1 -1 2 1 
0 6 7 0 -1 2 1 -1 2 1 
0 7 5 1 -1 0 1 -1 2 1 

2 5
0 5 6 2 -1 1 1 -1 0 -1 
1 0 6 4 0 3 1 1 2 1 
0 7 5 4 -1 0 0 -1 2 -1 
1 6 7 1 -1 4 1 -1 2 1 
1 7 0 3 2 1 1 2 2 1 

3 7
0 5 6 2 -1 5 1 -1 0 -1 
2 1 0 6 4 5 1 1 2 1 
0 7 5 4 -1 0 0 -1 2 -1 
1 6 7 6 -1 4 0 -1 2 -1 
1 7 0 3 2 1 1 2 0 -1 
2 0 6 1 0 6 1 1 2 1 
2 6 1 5 3 1 1 2 2 1 

4 9
0 5 6 2 -1 7 1 -1 0 -1 
2 1 0 6 4 5 1 1 0 -1 
0 7 5 4 -1 0 0 -1 2 -1 
1 6 7 6 -1 4 0 -1 2 -1 
1 7 0 3 2 1 1 2 0 -1 
3 2 0 8 1 7 1 1 2 1 
2 6 1 8 3 1 0 2 2 -1 
3 0 6 5 0 8 1 1 2 1 
3 6 2 7 6 5 1 2 2 1 

5 9
5 6 3 -1 8 7 -1 2 1 -1 
2 1 0 6 4 5 1 1 0 -1 
0 7 5 4 -1 7 0 -1 0 -1 
1 6 7 6 -1 4 0 -1 2 -1 
1 7 0 3 2 1 1 2 0 -1 
3 2 0 8 1 7 1 1 2 -1 
2 6 1 8 3 1 0 2 2 -1 
3 0 5 5 2 0 1 1 1 -1 
3 6 2 0 6 5 0 2 2 1 

6 9
5 6 3 -1 8 7 -1 2 1 0 
2 1 0 6 4 5 1 1 0 -1 
0 7 5 4 -1 7 0 -1 0 -1 
1 6 7 6 -1 4 0 -1 2 -1 
1 7 0 3 2 1 1 2 0 -1 
3 2 0 8 1 7 1 1 2 -1 
2 6 1 8 3 1 0 2 2 -1 
3 0 5 5 2 0 1 1 1 1 
3 6 2 0 6 5 0 2 2 1 

7 11
5 6 3 -1 8 7 -1 2 1 -1 
2 1 0 6 4 9 1 1 0 -1 
0 7 5 4 -1 7 0 -1 0 -1 
1 6 7 6 -1 4 0 -1 2 -1 
1 7 0 3 2 1 1 2 0 -1 
4 3 2 10 8 9 1 1 2 1 
2 6 1 8 3 1 0 2 2 -1 
3 0 5 10 2 0 0 1 1 -1 
3 6 2 0 6 5 0 2 0 -1 
4 2 0 5 1 10 1 1 2 1 
4 0 3 9 7 5 1 2 2 1 

8 11
5 6 3 -1 8 7 -1 2 1 -1 
1 0 4 4 10 9 1 2 1 -1 
0 7 5 4 -1 7 0 -1 0 -1 
1 6 7 6 -1 4 0 -1 2 -1 
1 7 0 3 2 1 1 2 2 -1 
4 3 2 10 8 9 1 1 2 -1 
2 6 1 8 3 9 0 2 0 -1 
3 0 5 10 2 0 0 1 1 -1 
3 6 2 0 6 5 0 2 0 -1 
4 2 1 5 6 1 1 1 1 -1 
4 0 3 1 7 5 0 2 2 1 

9 11
5 6 3 -1 8 7 -1 2 1 -1 
1 0 4 4 10 9 1 2 1 0 
0 7 5 4 -1 7 0 -1 0 -1 
1 6 7 6 -1 4 0 -1 2 -1 
1 7 0 3 2 1 1 2 2 -1 
4 3 2 10 8 9 1 1 2 -1 
2 6 1 8 3 9 0 2 0 -1 
3 0 5 10 2 0 0 1 1 -1 
3 6 2 0 6 5 0 2 0 -1 
4 2 1 5 6 1 1 1 1 1 
4 0 3 1 7 5 0 2 2 1 

10 4
1 0 4 4 10 9 1 2 1 -1 
4 3 2 10 8 9 1 1 2 -1 
4 2 1 5 6 1 1 1 1 -1 
4 0 3 1 7 5 0 2 2 -1 

