13
0.428826 -0.523959
-0.741877 0.00412586
-0.570053 0.206312
0.199067 0.581364
-0.135765 -0.0509204
0.517523 0.518337
-0.738376 0.0794376
-0.285766 -0.243979
-0.276171 0.534691
-0.189491 -0.955164
2.65155 -1.61932
-0.179208 3.28371
-3.00997 -1.61932

0 1
10 11 12 -1 -1 -1 -1 -1 -1 -1 

1 3
0 10 11 2 -1 1 1 -1 2 1 
0 11 12 0 -1 2 1 -1 2 1 
0 12 10 1 -1 0 1 -1 2 1 

2 5
0 10 11 2 -1 1 1 -1 0 -1 
1 0 11 4 0 3 1 1 2 1 
0 12 10 4 -1 0 0 -1 2 -1 
1 11 12 1 -1 4 1 -1 2 1 
1 12 0 3 2 1 1 2 2 1 

3 7
0 10 11 2 -1 5 1 -1 0 -1 
2 1 0 6 4 5 1 1 2 1 
0 12 10 4 -1 0 0 -1 2 -1 
1 11 12 6 -1 4 0 -1 2 -1 
1 12 0 3 2 1 1 2 0 -1 
2 0 11 1 0 6 1 1 2 1 
2 11 1 5 3 1 1 2 2 1 

4 9
0 10 11 2 -1 7 1 -1 0 -1 
2 1 0 6 4 5 1 1 0 -1 
0 12 10 4 -1 0 0 -1 2 -1 
1 11 12 6 -1 4 0 -1 2 -1 
1 12 0 3 2 1 1 2 0 -1 
3 2 0 8 1 7 1 1 2 1 
2 11 1 8 3 1 0 2 2 -1 
3 0 11 5 0 8 1 1 2 1 
3 11 2 7 6 5 1 2 2 1 

5 9
10 11 3 -1 8 7 -1 2 1 -1 
2 1 0 6 4 5 1 1 0 -1 
0 12 10 4 -1 7 0 -1 0 -1 
1 11 12 6 -1 4 0 -1 2 -1 
1 12 0 3 2 1 1 2 0 -1 
3 2 0 8 1 7 1 1 2 -1 
2 11 1 8 3 1 0 2 2 -1 
3 0 10 5 2 0 1 1 1 -1 
3 11 2 0 6 5 0 2 2 1 

6 9
10 11 3 -1 8 7 -1 2 1 0 
2 1 0 6 4 5 1 1 0 -1 
0 12 10 4 -1 7 0 -1 0 -1 
1 11 12 6 -1 4 0 -1 2 -1 
1 12 0 3 2 1 1 2 0 -1 
3 2 0 8 1 7 1 1 2 -1 
2 11 1 8 3 1 0 2 2 -1 
3 0 10 5 2 0 1 1 1 1 
3 11 2 0 6 5 0 2 2 1 

7 11
10 11 3 -1 8 7 -1 2 1 -1 
2 1 0 6 4 9 1 1 0 -1 
0 12 10 4 -1 7 0 -1 0 -1 
1 11 12 6 -1 4 0 -1 2 -1 
1 12 0 3 2 1 1 2 0 -1 
4 3 2 10 8 9 1 1 2 1 
2 11 1 8 3 1 0 2 2 -1 
3 0 10 10 2 0 0 1 1 -1 
3 11 2 0 6 5 0 2 0 -1 
4 2 0 5 1 10 1 1 2 1 
4 0 3 9 7 5 1 2 2 1 

8 11
10 11 3 -1 8 7 -1 2 1 -1 
1 0 4 4 10 9 1 2 1 -1 
0 12 10 4 -1 7 0 -1 0 -1 
1 11 12 6 -1 4 0 -1 2 -1 
1 12 0 3 2 1 1 2 2 -1 
4 3 2 10 8 9 1 1 2 -1 
2 11 1 8 3 9 0 2 0 -1 
3 0 10 10 2 0 0 1 1 -1 
3 11 2 0 6 5 0 2 0 -1 
4 2 1 5 6 1 1 1 1 -1 
4 0 3 1 7 5 0 2 2 1 

9 11
10 11 3 -1 8 7 -1 2 1 -1 
1 0 4 4 10 9 1 2 1 0 
0 12 10 4 -1 7 0 -1 0 -1 
1 11 12 6 -1 4 0 -1 2 -1 
1 12 0 3 2 1 1 2 2 -1 
4 3 2 10 8 9 1 1 2 -1 
2 11 1 8 3 9 0 2 0 -1 
3 0 10 10 2 0 0 1 1 -1 
3 11 2 0 6 5 0 2 0 -1 
4 2 1 5 6 1 1 1 1 1 
4 0 3 1 7 5 0 2 2 1 

10 13
5 10 11 12 -1 11 1 -1 2 1 
1 0 4 4 10 9 1 2 1 -1 
0 12 10 4 -1 7 0 -1 0 -1 
1 11 12 6 -1 4 0 -1 2 -1 
1 12 0 3 2 1 1 2 2 -1 
4 3 2 10 8 9 1 1 2 -1 
2 11 1 8 3 9 0 2 0 -1 
3 0 10 10 2 12 0 1 0 -1 
3 11 2 11 6 5 0 2 0 -1 
4 2 1 5 6 1 1 1 1 -1 
4 0 3 1 7 5 0 2 2 -1 
5 11 3 0 8 12 1 2 2 1 
5 3 10 11 7 0 1 1 2 1 

11 13
5 10 11 7 -1 11 0 -1 2 -1 
1 0 4 4 10 9 1 2 1 -1 
0 12 10 4 -1 7 0 -1 2 -1 
1 11 12 6 -1 4 0 -1 2 -1 
1 12 0 3 2 1 1 2 2 -1 
4 3 2 10 8 9 1 1 2 -1 
2 11 1 8 3 9 0 2 0 -1 
0 10 5 2 0 12 1 2 1 -1 
3 11 2 11 6 5 0 2 0 -1 
4 2 1 5 6 1 1 1 1 -1 
4 0 3 1 12 5 0 0 2 -1 
5 11 3 0 8 12 1 2 2 -1 
5 3 0 11 10 7 1 0 1 -1 

12 13
5 10 11 7 -1 11 0 -1 2 -1 
1 0 4 4 10 9 1 2 1 -1 
0 12 10 4 -1 7 0 -1 2 -1 
1 11 12 6 -1 4 0 -1 2 -1 
1 12 0 3 2 1 1 2 2 -1 
4 3 2 10 8 9 1 1 2 -1 
2 11 1 8 3 9 0 2 0 -1 
0 10 5 2 0 12 1 2 1 0 
3 11 2 11 6 5 0 2 0 -1 
4 2 1 5 6 1 1 1 1 -1 
4 0 3 1 12 5 0 0 2 -1 
5 11 3 0 8 12 1 2 2 -1 
5 3 0 11 10 7 1 0 1 1 

13 13
5 10 11 7 -1 11 0 -1 2 -1 
1 0 4 4 10 9 1 2 1 -1 
0 12 10 4 -1 7 0 -1 2 -1 
1 11 12 6 -1 4 0 -1 2 -1 
1 12 0 3 2 1 1 2 2 -1 
4 3 2 12 8 9 0 1 2 -1 
2 11 1 8 3 9 0 2 0 -1 
0 10 5 2 0 10 1 2 0 -1 
3 11 2 11 6 5 0 2 0 -1 
4 2 1 5 6 1 1 1 1 -1 
4 0 5 1 7 12 0 1 1 -1 
5 11 3 0 8 12 1 2 2 -1 
5 3 4 11 5 10 1 2 1 -1 

14 13
5 10 11 7 -1 11 0 -1 2 -1 
1 0 4 4 10 9 1 2 1 -1 
0 12 10 4 -1 7 0 -1 2 -1 
1 11 12 6 -1 4 0 -1 2 -1 
1 12 0 3 2 1 1 2 2 -1 
4 3 2 12 8 9 0 1 2 -1 
2 11 1 8 3 9 0 2 0 -1 
0 10 5 2 0 10 1 2 0 -1 
3 11 2 11 6 5 0 2 0 -1 
4 2 1 5 6 1 1 1 1 -1 
4 0 5 1 7 12 0 1 1 0 
5 11 3 0 8 12 1 2 2 -1 
5 3 4 11 5 10 1 2 1 1 

15 15
5 10 11 7 -1 11 0 -1 2 -1 
1 0 4 4 10 9 1 2 1 -1 
0 12 10 4 -1 7 0 -1 2 -1 
6 1 11 14 6 13 1 0 2 1 
1 12 0 14 2 1 0 2 2 -1 
4 3 2 12 8 9 0 1 2 -1 
2 11 1 8 3 9 0 0 0 -1 
0 10 5 2 0 10 1 2 0 -1 
3 11 2 11 6 5 0 2 0 -1 
4 2 1 5 6 1 1 1 1 -1 
4 0 5 1 7 12 0 1 1 -1 
5 11 3 0 8 12 1 2 2 -1 
5 3 4 11 5 10 1 2 1 -1 
6 11 12 3 -1 14 1 -1 2 1 
6 12 1 13 4 3 1 2 2 1 

16 15
5 10 11 7 -1 11 0 -1 2 -1 
1 0 4 4 10 9 1 2 1 -1 
0 12 10 4 -1 7 0 -1 2 -1 
6 1 2 14 9 6 1 0 1 -1 
1 12 0 14 2 1 0 2 2 -1 
4 3 2 12 8 9 0 1 2 -1 
2 11 6 8 13 3 0 2 1 -1 
0 10 5 2 0 10 1 2 0 -1 
3 11 2 11 6 5 0 2 0 -1 
4 2 1 5 3 1 1 0 1 -1 
4 0 5 1 7 12 0 1 1 -1 
5 11 3 0 8 12 1 2 2 -1 
5 3 4 11 5 10 1 2 1 -1 
6 11 12 6 -1 14 0 -1 2 1 
6 12 1 13 4 3 1 2 2 1 

17 15
5 10 11 7 -1 11 0 -1 2 -1 
1 0 4 4 10 9 1 2 1 -1 
0 12 10 4 -1 7 0 -1 2 -1 
6 1 2 14 9 6 1 0 1 1 
1 12 0 14 2 1 0 2 2 -1 
4 3 2 12 8 9 0 1 2 -1 
2 11 6 8 13 3 0 2 1 0 
0 10 5 2 0 10 1 2 0 -1 
3 11 2 11 6 5 0 2 0 -1 
4 2 1 5 3 1 1 0 1 -1 
4 0 5 1 7 12 0 1 1 -1 
5 11 3 0 8 12 1 2 2 -1 
5 3 4 11 5 10 1 2 1 -1 
6 11 12 6 -1 14 0 -1 2 1 
6 12 1 13 4 3 1 2 2 1 

18 17
5 10 11 7 -1 11 0 -1 2 -1 
1 0 4 16 10 9 0 2 1 -1 
0 12 10 15 -1 7 0 -1 2 -1 
6 1 2 14 9 6 1 0 1 -1 
7 1 12 16 14 15 1 0 2 1 
4 3 2 12 8 9 0 1 2 -1 
2 11 6 8 13 3 0 2 1 -1 
0 10 5 2 0 10 1 2 0 -1 
3 11 2 11 6 5 0 2 0 -1 
4 2 1 5 3 1 1 0 1 -1 
4 0 5 1 7 12 0 1 1 -1 
5 11 3 0 8 12 1 2 2 -1 
5 3 4 11 5 10 1 2 1 -1 
6 11 12 6 -1 14 0 -1 2 -1 
6 12 1 13 4 3 1 0 2 -1 
7 12 0 4 2 16 1 2 2 1 
7 0 1 15 1 4 1 2 2 1 

19 17
5 10 11 7 -1 11 0 -1 2 -1 
4 1 7 9 4 16 1 2 1 -1 
0 12 10 15 -1 7 0 -1 2 -1 
6 1 2 14 9 6 1 0 1 -1 
7 1 12 1 14 15 0 0 2 -1 
4 3 2 12 8 9 0 1 2 -1 
2 11 6 8 13 3 0 2 1 -1 
0 10 5 2 0 10 1 2 0 -1 
3 11 2 11 6 5 0 2 0 -1 
4 2 1 5 3 1 1 0 2 -1 
4 0 5 16 7 12 0 1 1 -1 
5 11 3 0 8 12 1 2 2 -1 
5 3 4 11 5 10 1 2 1 -1 
6 11 12 6 -1 14 0 -1 2 -1 
6 12 1 13 4 3 1 0 2 -1 
7 12 0 4 2 16 1 2 2 -1 
7 0 4 15 10 1 1 2 1 -1 

20 17
5 10 11 7 -1 11 0 -1 2 -1 
4 1 7 9 4 16 1 2 1 0 
0 12 10 15 -1 7 0 -1 2 -1 
6 1 2 14 9 6 1 0 1 -1 
7 1 12 1 14 15 0 0 2 -1 
4 3 2 12 8 9 0 1 2 -1 
2 11 6 8 13 3 0 2 1 -1 
0 10 5 2 0 10 1 2 0 -1 
3 11 2 11 6 5 0 2 0 -1 
4 2 1 5 3 1 1 0 2 -1 
4 0 5 16 7 12 0 1 1 -1 
5 11 3 0 8 12 1 2 2 -1 
5 3 4 11 5 10 1 2 1 -1 
6 11 12 6 -1 14 0 -1 2 -1 
6 12 1 13 4 3 1 0 2 -1 
7 12 0 4 2 16 1 2 2 -1 
7 0 4 15 10 1 1 2 1 1 

21 17
5 10 11 7 -1 11 0 -1 2 -1 
7 4 2 16 5 9 1 1 1 -1 
0 12 10 15 -1 7 0 -1 2 -1 
6 1 2 14 9 6 1 2 1 -1 
7 1 12 9 14 15 0 0 2 -1 
4 3 2 12 8 1 0 1 0 -1 
2 11 6 8 13 3 0 2 1 -1 
0 10 5 2 0 10 1 2 0 -1 
3 11 2 11 6 5 0 2 0 -1 
2 1 7 3 4 1 0 2 1 -1 
4 0 5 16 7 12 0 1 1 -1 
5 11 3 0 8 12 1 2 2 -1 
5 3 4 11 5 10 1 2 1 -1 
6 11 12 6 -1 14 0 -1 2 -1 
6 12 1 13 4 3 1 0 2 -1 
7 12 0 4 2 16 1 2 2 -1 
7 0 4 15 10 1 1 2 2 1 

22 17
5 10 11 7 -1 11 0 -1 2 -1 
7 4 2 16 5 9 1 1 1 1 
0 12 10 15 -1 7 0 -1 2 -1 
6 1 2 14 9 6 1 2 1 -1 
7 1 12 9 14 15 0 0 2 -1 
4 3 2 12 8 1 0 1 0 -1 
2 11 6 8 13 3 0 2 1 -1 
0 10 5 2 0 10 1 2 0 -1 
3 11 2 11 6 5 0 2 0 -1 
2 1 7 3 4 1 0 2 1 0 
4 0 5 16 7 12 0 1 1 -1 
5 11 3 0 8 12 1 2 2 -1 
5 3 4 11 5 10 1 2 1 -1 
6 11 12 6 -1 14 0 -1 2 -1 
6 12 1 13 4 3 1 0 2 -1 
7 12 0 4 2 16 1 2 2 -1 
7 0 4 15 10 1 1 2 2 1 

23 19
5 10 11 7 -1 11 0 -1 2 -1 
7 4 2 16 5 9 1 1 1 -1 
0 12 10 15 -1 7 0 -1 2 -1 
6 1 2 14 9 6 1 2 1 -1 
7 1 12 9 14 15 0 0 2 -1 
4 3 2 12 18 1 0 0 0 -1 
2 11 6 17 13 3 0 2 1 -1 
0 10 5 2 0 10 1 2 0 -1 
8 3 11 18 11 17 1 0 2 1 
2 1 7 3 4 1 0 2 1 -1 
4 0 5 16 7 12 0 1 1 -1 
5 11 3 0 8 12 1 0 2 -1 
5 3 4 11 5 10 1 2 1 -1 
6 11 12 6 -1 14 0 -1 2 -1 
6 12 1 13 4 3 1 0 2 -1 
7 12 0 4 2 16 1 2 2 -1 
7 0 4 15 10 1 1 2 2 -1 
8 11 2 8 6 18 1 2 2 1 
8 2 3 17 5 8 1 0 2 1 

24 19
5 10 11 7 -1 11 0 -1 2 -1 
7 4 2 16 5 9 1 1 1 -1 
0 12 10 15 -1 7 0 -1 2 -1 
6 1 2 14 9 6 1 2 2 -1 
7 1 12 9 14 15 0 0 2 -1 
4 3 2 12 18 1 0 0 0 -1 
6 2 8 3 18 17 1 2 1 -1 
0 10 5 2 0 10 1 2 0 -1 
8 3 11 18 11 17 1 0 2 -1 
2 1 7 3 4 1 0 2 1 -1 
4 0 5 16 7 12 0 1 1 -1 
5 11 3 0 8 12 1 0 2 -1 
5 3 4 11 5 10 1 2 1 -1 
6 11 12 17 -1 14 0 -1 2 -1 
6 12 1 13 4 3 1 0 2 -1 
7 12 0 4 2 16 1 2 2 -1 
7 0 4 15 10 1 1 2 2 -1 
8 11 6 8 13 6 1 2 1 -1 
8 2 3 6 5 8 0 0 2 1 

25 19
5 10 11 7 -1 11 0 -1 2 -1 
7 4 2 16 5 9 1 1 1 -1 
0 12 10 15 -1 7 0 -1 2 -1 
6 1 2 14 9 6 1 2 2 -1 
7 1 12 9 14 15 0 0 2 -1 
4 3 2 12 18 1 0 0 0 -1 
6 2 8 3 18 17 1 2 1 0 
0 10 5 2 0 10 1 2 0 -1 
8 3 11 18 11 17 1 0 2 -1 
2 1 7 3 4 1 0 2 1 -1 
4 0 5 16 7 12 0 1 1 -1 
5 11 3 0 8 12 1 0 2 -1 
5 3 4 11 5 10 1 2 1 -1 
6 11 12 17 -1 14 0 -1 2 -1 
6 12 1 13 4 3 1 0 2 -1 
7 12 0 4 2 16 1 2 2 -1 
7 0 4 15 10 1 1 2 2 -1 
8 11 6 8 13 6 1 2 1 1 
8 2 3 6 5 8 0 0 2 1 

26 19
5 10 11 7 -1 11 0 -1 2 -1 
7 4 2 16 18 9 1 0 1 -1 
0 12 10 15 -1 7 0 -1 2 -1 
6 1 2 14 9 6 1 2 2 -1 
7 1 12 9 14 15 0 0 2 -1 
4 3 8 12 8 18 0 2 1 -1 
6 2 8 3 18 17 1 2 1 0 
0 10 5 2 0 10 1 2 0 -1 
8 3 11 5 11 17 0 0 2 -1 
2 1 7 3 4 1 0 2 1 -1 
4 0 5 16 7 12 0 1 1 -1 
5 11 3 0 8 12 1 0 2 -1 
5 3 4 11 5 10 1 2 1 -1 
6 11 12 17 -1 14 0 -1 2 -1 
6 12 1 13 4 3 1 0 2 -1 
7 12 0 4 2 16 1 2 2 -1 
7 0 4 15 10 1 1 2 2 -1 
8 11 6 8 13 6 1 2 1 1 
8 2 4 6 1 5 0 0 1 -1 

27 19
5 10 11 7 -1 11 0 -1 2 -1 
7 4 2 16 18 9 1 0 1 -1 
0 12 10 15 -1 7 0 -1 2 -1 
6 1 2 14 9 6 1 2 2 -1 
7 1 12 9 14 15 0 0 2 -1 
4 3 8 12 8 18 0 2 1 0 
6 2 8 3 18 17 1 2 1 0 
0 10 5 2 0 10 1 2 0 -1 
8 3 11 5 11 17 0 0 2 -1 
2 1 7 3 4 1 0 2 1 -1 
4 0 5 16 7 12 0 1 1 -1 
5 11 3 0 8 12 1 0 2 -1 
5 3 4 11 5 10 1 2 1 -1 
6 11 12 17 -1 14 0 -1 2 -1 
6 12 1 13 4 3 1 0 2 -1 
7 12 0 4 2 16 1 2 2 -1 
7 0 4 15 10 1 1 2 2 -1 
8 11 6 8 13 6 1 2 1 1 
8 2 4 6 1 5 0 0 1 1 

28 21
5 10 11 7 -1 11 0 -1 2 -1 
7 4 2 16 18 9 1 0 1 -1 
9 0 12 20 15 19 1 0 2 1 
6 1 2 14 9 6 1 2 2 -1 
7 1 12 9 14 15 0 0 2 -1 
4 3 8 12 8 18 0 2 1 -1 
6 2 8 3 18 17 1 2 1 -1 
0 10 5 20 0 10 0 2 0 -1 
8 3 11 5 11 17 0 0 2 -1 
2 1 7 3 4 1 0 2 1 -1 
4 0 5 16 7 12 0 1 1 -1 
5 11 3 0 8 12 1 0 2 -1 
5 3 4 11 5 10 1 2 1 -1 
6 11 12 17 -1 14 0 -1 2 -1 
6 12 1 13 4 3 1 0 2 -1 
7 12 0 4 2 16 1 0 2 -1 
7 0 4 15 10 1 1 2 2 -1 
8 11 6 8 13 6 1 2 1 -1 
8 2 4 6 1 5 0 0 1 -1 
9 12 10 2 -1 20 1 -1 2 1 
9 10 0 19 7 2 1 2 2 1 

29 21
5 10 11 7 -1 11 0 -1 2 -1 
7 4 2 16 18 9 1 0 1 -1 
9 0 7 20 16 15 1 2 1 -1 
6 1 2 14 9 6 1 2 2 -1 
7 1 12 9 14 15 0 0 2 -1 
4 3 8 12 8 18 0 2 1 -1 
6 2 8 3 18 17 1 2 1 -1 
0 10 5 20 0 10 0 2 0 -1 
8 3 11 5 11 17 0 0 2 -1 
2 1 7 3 4 1 0 2 1 -1 
4 0 5 16 7 12 0 1 1 -1 
5 11 3 0 8 12 1 0 2 -1 
5 3 4 11 5 10 1 2 1 -1 
6 11 12 17 -1 14 0 -1 2 -1 
6 12 1 13 4 3 1 0 2 -1 
7 12 9 4 19 2 1 2 1 -1 
7 0 4 2 10 1 0 2 2 -1 
8 11 6 8 13 6 1 2 1 -1 
8 2 4 6 1 5 0 0 1 -1 
9 12 10 15 -1 20 0 -1 2 1 
9 10 0 19 7 2 1 2 2 1 

30 21
5 10 11 7 -1 11 0 -1 2 -1 
7 4 2 16 18 9 1 0 1 -1 
9 0 7 20 16 15 1 2 1 1 
6 1 2 14 9 6 1 2 2 -1 
7 1 12 9 14 15 0 0 2 -1 
4 3 8 12 8 18 0 2 1 -1 
6 2 8 3 18 17 1 2 1 -1 
0 10 5 20 0 10 0 2 0 -1 
8 3 11 5 11 17 0 0 2 -1 
2 1 7 3 4 1 0 2 1 -1 
4 0 5 16 7 12 0 1 1 -1 
5 11 3 0 8 12 1 0 2 -1 
5 3 4 11 5 10 1 2 1 -1 
6 11 12 17 -1 14 0 -1 2 -1 
6 12 1 13 4 3 1 0 2 -1 
7 12 9 4 19 2 1 2 1 0 
7 0 4 2 10 1 0 2 2 -1 
8 11 6 8 13 6 1 2 1 -1 
8 2 4 6 1 5 0 0 1 -1 
9 12 10 15 -1 20 0 -1 2 1 
9 10 0 19 7 2 1 2 2 1 

31 21
5 10 11 7 -1 11 0 -1 2 -1 
7 4 2 16 18 9 1 0 1 -1 
9 0 7 20 16 15 1 2 2 1 
6 1 2 14 9 6 1 2 2 -1 
1 12 9 14 19 15 0 2 1 -1 
4 3 8 12 8 18 0 2 1 -1 
6 2 8 3 18 17 1 2 1 -1 
0 10 5 20 0 10 0 2 0 -1 
8 3 11 5 11 17 0 0 2 -1 
2 1 7 3 15 1 0 0 1 -1 
4 0 5 16 7 12 0 1 1 -1 
5 11 3 0 8 12 1 0 2 -1 
5 3 4 11 5 10 1 2 1 -1 
6 11 12 17 -1 14 0 -1 2 -1 
6 12 1 13 4 3 1 2 2 -1 
9 7 1 2 9 4 1 0 1 -1 
7 0 4 2 10 1 0 2 2 -1 
8 11 6 8 13 6 1 2 1 -1 
8 2 4 6 1 5 0 0 1 -1 
9 12 10 4 -1 20 0 -1 2 1 
9 10 0 19 7 2 1 2 2 1 

32 21
5 10 11 7 -1 11 0 -1 2 -1 
7 4 2 16 18 9 1 0 1 -1 
9 0 7 20 16 15 1 2 2 1 
6 1 2 14 9 6 1 2 2 -1 
1 12 9 14 19 15 0 2 1 0 
4 3 8 12 8 18 0 2 1 -1 
6 2 8 3 18 17 1 2 1 -1 
0 10 5 20 0 10 0 2 0 -1 
8 3 11 5 11 17 0 0 2 -1 
2 1 7 3 15 1 0 0 1 -1 
4 0 5 16 7 12 0 1 1 -1 
5 11 3 0 8 12 1 0 2 -1 
5 3 4 11 5 10 1 2 1 -1 
6 11 12 17 -1 14 0 -1 2 -1 
6 12 1 13 4 3 1 2 2 -1 
9 7 1 2 9 4 1 0 1 1 
7 0 4 2 10 1 0 2 2 -1 
8 11 6 8 13 6 1 2 1 -1 
8 2 4 6 1 5 0 0 1 -1 
9 12 10 4 -1 20 0 -1 2 1 
9 10 0 19 7 2 1 2 2 1 

33 11
7 4 2 16 18 9 1 0 1 -1 
9 0 7 20 16 15 1 2 2 -1 
6 1 2 14 9 6 1 2 2 -1 
4 3 8 12 8 18 0 2 1 -1 
6 2 8 3 18 17 1 2 1 -1 
2 1 7 3 15 1 0 0 1 -1 
4 0 5 16 7 12 0 1 1 -1 
5 3 4 11 5 10 1 2 1 -1 
9 7 1 2 9 4 1 0 1 -1 
7 0 4 2 10 1 0 2 2 -1 
8 2 4 6 1 5 0 0 1 -1 

